0.03426402	0.03426402	0.06852804	0.512436926
0.07401875	0.2229358	0.2969545	0.97758781
0.09691329	0.2365626	0.3334759	1.420375428
0.1101434	0.2594432	0.3695866	1.85614556
0.1170339	0.2579304	0.3749643	2.26667238
0.1235407	0.2556444	0.3791851	2.674153788
0.1312212	0.2462884	0.3775096	3.162607305
0.1467098	0.2130625	0.3597723	3.591450558
0.1938267	0.1769387	0.3707654	4.258275961
0.2462884	0.1426525	0.3889409	4.624104741
0.3177519	0.09278741	0.4105393	4.987509658
0.4121198	0.08156469	0.4936845	5.38051875
0.5337587	0.1467098	0.6804685	5.815138635
0.6812752	0.1570175	0.8382927	6.229007125
0.8357967	0.1235407	0.9593374	6.687299592
1.008136	0.2130625	1.221199	7.133114158
1.19812	0.3636945	1.561814	7.589437396
1.414992	0.4597013	1.874693	8.014079656
1.625099	0.5028	2.127899	8.481861391
1.932088	0.4352126	2.367301	9.122875509
2.122094	0.09065409	2.212749	9.515621638
2.31824	1.63614	3.95438	9.869163335
2.540218	4.334088	6.874306	10.26251223
2.788533	5.829514	8.618046	10.6583345
3.064266	5.932503	8.996769	11.08904966
3.329138	5.774821	9.103959	11.54299257
3.601196	5.916854	9.518051	11.96419839
3.881461	5.920596	9.802057	12.39729301
4.195027	5.612517	9.807545	12.82102942
4.508934	5.606752	10.11569	13.26733362
5.018291	5.584688	10.60298	13.91332951
5.33682	5.591211	10.92803	14.29845486
5.628696	5.646044	11.27474	14.67544715
5.9431	6.022295	11.96539	15.03074336
6.308635	6.058966	12.3676	15.40151506
6.67065	6.221448	12.8921	15.78183024
7.04119	6.401747	13.44294	16.21730774
7.430544	6.47057	13.90111	16.61504162
7.839346	6.758537	14.59788	17.04468614
8.243073	6.894379	15.13745	17.44663765
8.649109	6.724995	15.3741	17.8558121
9.218316	6.503608	15.72192	18.46456638
9.574789	6.346933	15.92172	18.82396752
9.952559	6.449991	16.40255	19.19810309
10.30906	6.44768	16.75674	19.52769559
10.7508	6.285782	17.03658	19.87756349
11.15892	6.344646	17.50356	20.27728154
11.56141	6.294011	17.85542	20.67842026
11.97775	6.27648	18.25423	21.06986012
12.40836	6.277947	18.68631	21.46771352
12.81147	6.337008	19.14848	21.85565461
13.21503	6.424709	19.63974	22.2520105
14.01082	6.318666	20.32949	23.01281674
14.37376	6.37609	20.74985	23.39247965
14.72962	6.093552	20.82317	23.7259107
15.0989	6.784113	21.88301	24.08065878
15.4579	8.707976	24.16588	24.43600621
15.7859	8.530669	24.31657	24.73512752
16.13886	8.362903	24.50177	25.05780103
16.45945	8.263889	24.72334	25.3849671
16.81651	8.005747	24.82226	25.7100141
17.18317	7.981951	25.16512	26.03334501
17.59583	7.781193	25.37702	26.38606965
18.11147	8.107722	26.21919	26.91380935
18.46119	7.99635	26.45754	27.24250025
18.78109	7.869908	26.651	27.54480443
19.11597	7.904154	27.02013	27.85576075
19.47459	7.995024	27.46961	28.18000008
19.82887	7.992519	27.82138	28.53426151
20.19158	7.73997	27.93155	28.86198594
20.52976	7.678718	28.20848	29.2250105
20.85529	7.631058	28.48635	29.56514369
21.17968	7.445292	28.62498	29.90527004
21.51516	7.576808	29.09197	30.25715114
21.91154	7.41418	29.32571	30.72992319
22.19225	7.337674	29.52993	31.02039748
22.47136	7.585066	30.05643	31.32838779
22.75032	8.152227	30.90254	31.60815234
23.05401	8.086628	31.14063	31.90511531
23.36902	8.063654	31.43267	32.25570551
23.72035	7.814293	31.53464	32.55070138
24.05633	7.897297	31.95363	32.88069856
24.39843	7.789059	32.18749	33.22902114
24.75157	8.055737	32.8073	33.52660225
25.14866	7.871829	33.02048	33.83940442
25.73438	7.534265	33.26865	34.34039881
26.10753	7.444817	33.55235	34.61905346
26.51521	7.345932	33.86115	34.92357061
26.89672	7.367242	34.26396	35.21559536
27.27991	7.399955	34.67986	35.4937958
27.66188	7.197374	34.85925	35.76482112
28.04258	7.072795	35.11538	36.0208576
28.4475	6.933331	35.38084	36.29220053
28.84374	6.988591	35.83233	36.60616042
29.336	6.736331	36.07233	36.88383494
29.70514	6.803829	36.50897	37.26284214
30.19018	6.798639	36.98882	37.66627069
30.48578	6.721203	37.20699	37.90074084
30.77188	6.899726	37.67161	38.15362518
31.0716	6.78865	37.86024	38.39846356
31.35952	6.577214	37.93674	38.66737153
31.65367	6.509334	38.163	38.90715216
31.9355	6.61346	38.54896	39.18076271
32.20721	6.476264	38.68348	39.46723451
32.46904	6.458436	38.92747	39.71943925
32.73982	6.456068	39.19589	40.00464405
32.98488	6.575992	39.56087	40.27302268
33.34475	6.54805	39.8928	40.68085328
33.5457	6.5381	40.0838	40.91570934
33.74242	6.578139	40.32056	41.14077432
33.93477	6.923168	40.85794	41.36479087
34.15414	6.830529	40.98466	41.58789217
34.38998	6.88715	41.27713	41.84853561
34.61054	6.822857	41.4334	42.0983771
34.82732	6.676264	41.50358	42.36487401
35.05182	6.628477	41.68029	42.61938053
35.25862	6.630636	41.88925	42.86338221
35.46654	6.716767	42.1833	43.12275865
35.75039	6.699137	42.44952	43.4682262
35.92574	6.747094	42.67283	43.67717194
36.12388	6.615506	42.73939	43.89770509
36.30643	6.706978	43.01341	44.11314975
36.50306	6.629749	43.13281	44.33228272
36.69864	6.613252	43.31189	44.56654113
36.89327	6.76686	43.66013	44.80310132
37.101	7.585015	44.68602	45.03898191
37.30248	7.464164	44.76665	45.26524218
37.51363	7.344623	44.85826	45.50787099
37.74004	7.332859	45.0729	45.73153237
38.09492	7.192275	45.2872	46.07500551
38.32209	7.178268	45.50035	46.2670636
38.57856	6.957704	45.53626	46.45924123
38.82323	6.998912	45.82214	46.65538036
39.13637	6.850055	45.98642	46.8530836
39.43069	6.68328	46.11398	47.07053975
39.72167	6.616454	46.33813	47.28648302
40.02265	6.631287	46.65394	47.50723815
40.29134	6.675088	46.96642	47.7313469
40.55247	6.750087	47.30256	47.94273102
40.82539	6.526904	47.35229	48.14201887
41.17022	6.436234	47.60645	48.4705134
41.37617	6.379902	47.75608	48.648071
41.55693	6.43721	47.99414	48.82605891
41.74811	6.436417	48.18452	49.01405987
41.93908	6.91333	48.85241	49.18685683
42.14772	6.864414	49.01213	49.37412354
42.37217	6.85781	49.22998	49.57480133
42.57786	7.001154	49.57901	49.76573244
42.779	6.931379	49.71037	49.96562818
42.97764	6.877402	49.85504	50.16531559
43.18741	6.863243	50.05066	50.35532121
43.43327	6.77772	50.21099	50.63387341
43.57703	6.730272	50.3073	50.77844119
43.74969	6.592492	50.34218	50.94041913
43.90842	6.611295	50.51972	51.11279604
44.05254	6.56465	50.6172	51.30560545
44.18521	6.535191	50.72041	51.49560424
44.31686	6.529967	50.84682	51.67639593
44.42934	6.745088	51.17443	51.85694857
44.53402	6.793329	51.32735	52.03539751
44.63335	6.757986	51.39133	52.22718581
44.73452	6.961903	51.69642	52.39078251
44.86136	6.919653	51.78102	52.64681215
44.94115	6.929002	51.87016	52.80336351
45.04699	6.860898	51.90789	52.94442741
45.17651	6.856752	52.03326	53.09432274
45.32042	6.793617	52.11404	53.28022683
45.47748	6.710661	52.18814	53.43691479
45.66422	6.680433	52.34465	53.60980396
45.86021	6.588654	52.44887	53.77577755
46.07473	6.536331	52.61106	53.94394023
46.31681	7.136249	53.45306	54.11441834
46.5493	7.04765	53.59695	54.28038852
46.87205	6.761003	53.63305	54.51920268
47.07389	6.623949	53.69784	54.65915667
47.29978	6.490328	53.79011	54.80769621
47.49535	6.157465	53.65282	54.94992807
47.6782	5.92738	53.60558	55.08738222
47.88068	5.898306	53.77898	55.23841819
48.06869	5.780758	53.84945	55.3964756
48.2542	5.898838	54.15304	55.5461592
48.43906	6.355175	54.79424	55.70357116
48.59911	6.543467	55.14257	55.85329574
48.75227	6.610791	55.36306	56.02237025
48.94417	6.457768	55.40194	56.22704028
49.06931	6.278728	55.34803	56.34523329
49.20171	6.194415	55.39613	56.46718974
49.34107	6.180442	55.52151	56.59741413
49.47828	6.120901	55.59917	56.74157552
49.62357	6.058966	55.68254	56.8880421
49.75565	6.154312	55.90997	57.03168781
49.88354	6.439159	56.3227	57.17190135
50.01658	6.396814	56.4134	57.31614128
50.13724	6.480592	56.61783	57.46025828
50.25645	6.479261	56.73571	57.59136376
50.41998	7.369213	57.7892	57.80256688
50.52393	7.31778	57.84171	57.90735564
50.63416	7.235625	57.86979	58.02873493
50.74292	7.171569	57.91449	58.14287423
50.86478	7.062831	57.92762	58.28057767
50.97786	6.947378	57.92524	58.40845931
51.09067	6.821823	57.91249	58.54101962
51.212	6.786859	57.99886	58.67251442
51.32536	6.694129	58.01949	58.80693938
51.43867	6.627027	58.0657	58.93010818
51.55388	6.582222	58.1361	59.05912363
51.72095	6.458315	58.17926	59.2547744
51.82472	6.422847	58.24757	59.3648429
51.93138	6.449778	58.38116	59.47030785
52.0602	7.586877	59.64708	59.5692773
52.18985	7.49004	59.67989	59.69514402
52.31916	7.379456	59.69862	59.81533487
52.44759	7.336016	59.7836	59.95454778
52.58767	7.271949	59.85962	60.07098885
52.71885	7.212894	59.93174	60.18542184
52.85039	7.178405	60.0288	60.30292842
52.97867	7.108402	60.08707	60.43201217
53.14685	7.000145	60.147	60.60196777
53.26667	6.879884	60.14655	60.71403068
53.35744	6.816731	60.17418	60.8127679
53.46677	6.740754	60.20752	60.90688108
53.56844	6.668974	60.23742	61.01815852
53.66521	6.682429	60.34764	61.13447664
53.76072	6.618232	60.37895	61.24719526
53.86572	6.641304	60.50702	61.35696323
53.96904	6.63844	60.60748	61.47548067
54.08252	6.556699	60.63922	61.58531695
54.21788	6.621165	60.83905	61.69582941
54.38348	6.550595	60.93408	61.85435127
54.49228	6.614231	61.10651	61.93746102
54.64126	6.618765	61.26003	62.02973004
54.77519	6.511021	61.28621	62.13167745
54.90043	6.54005	61.44048	62.24353546
55.01587	6.697468	61.71334	62.35251796
55.12904	6.679993	61.80904	62.45565382
55.22845	6.700191	61.92865	62.56060651
55.32247	6.741976	62.06445	62.66927482
55.41808	6.888744	62.30682	62.77075777
55.50129	6.874578	62.37587	62.8764208
55.5951	6.875548	62.47065	63.01548345
55.6576	6.84212	62.49972	63.10095644
55.72835	6.872809	62.60116	63.1787523
55.79732	6.872211	62.66953	63.28096608
55.86693	6.881337	62.74826	63.37838507
55.93653	6.872553	62.80908	63.48012074
56.01333	6.854006	62.86733	63.57962294
56.08719	6.843782	62.93097	63.68166596
56.15902	6.878743	63.03777	63.77954941
56.23261	6.906943	63.13956	63.8834161
56.29565	6.930106	63.22576	63.97324674
56.39	7.047817	63.43782	64.13397476
56.43851	7.075652	63.51417	64.21077341
56.49704	7.068717	63.56576	64.28965526
56.54597	7.217516	63.76349	64.36004719
56.6068	7.396162	64.00296	64.44261735
56.67429	7.420265	64.09455	64.53205868
56.74387	7.340214	64.08408	64.6294162
56.82145	7.25339	64.07484	64.72240923
56.90836	7.195275	64.10363	64.81365372
56.98759	7.177011	64.1646	64.90398981
57.06457	7.252822	64.31739	64.99794589
57.16137	7.33211	64.49348	65.12832738
57.23251	7.359461	64.59196	65.20311795
57.2977	7.338583	64.63628	65.28089331
57.3694	7.301218	64.67062	65.35221415
57.44195	7.399743	64.84169	65.44355427
57.50664	7.37081	64.87745	65.52395926
57.56907	7.444448	65.01352	65.61654248
57.63086	7.606485	65.23735	65.70026011
57.69609	7.657296	65.35339	65.7879734
57.75734	7.734541	65.49188	65.86991518
57.81773	7.767813	65.58554	65.95262877
57.89734	7.770391	65.66772	66.07276497
57.94163	7.780966	65.7226	66.14264464
57.99223	8.004864	65.99709	66.21369226
58.04593	7.983697	66.02962	66.29366012
58.10076	7.993404	66.09416	66.37178383
58.14793	8.07713	66.22506	66.45570636
58.19289	8.103702	66.29659	66.5427298
58.23577	8.083253	66.31902	66.61415309
58.28054	8.071368	66.35191	66.63036113
58.31587	8.025095	66.34097	66.6308734
58.3435	8.033946	66.37745	66.63155641
58.37466	8.027737	66.4024	66.63230091
58.38783	8.019247	66.40707	66.63236238
58.40322	8.040467	66.44369	66.63158374
58.42613	8.06251	66.48864	66.6316657
58.45906	8.082791	66.54185	66.63062068
58.49996	8.114669	66.61462	66.63025185
58.54744	8.344567	66.89201	66.63104415
58.60517	8.335339	66.94051	66.63169302
58.66496	8.275974	66.94093	66.63286781
58.72983	8.247669	66.97749	66.63316151
58.79226	8.178989	66.97125	66.63391966
58.8508	8.137862	66.98866	66.63475977
58.89316	8.145651	67.03881	66.63539498
58.92474	8.133277	67.05801	66.63429532
58.94595	8.132094	67.07805	66.63366694
58.95742	8.154636	67.11205	66.63285415
58.96284	8.159473	67.12231	66.63335958
58.96157	8.173779	67.13535	66.63316151
58.95153	8.215397	67.16693	66.63299758
58.93021	8.231465	67.16167	66.63213698
58.902	8.284441	67.18644	66.6315086
58.8704	8.257114	67.12752	66.63110562
58.8414	8.214871	67.05627	66.63090072
58.81468	8.228936	67.04362	66.63131736
58.78844	8.245146	67.03359	66.632096
58.76289	8.206764	66.96965	66.63245117
58.74143	8.217046	66.95848	66.63238287
58.72141	8.23857	66.95998	66.63387868
58.70092	8.257187	66.95811	66.63480075
58.68443	8.253405	66.93784	66.63719132
58.67458	8.238666	66.91325	66.63793581
58.67075	8.228077	66.89883	66.63935649
58.66599	8.218885	66.88488	66.64056543
58.66054	8.22168	66.88222	66.64220468
58.65714	8.211763	66.8689	66.64363902
58.65569	8.17409	66.82977	66.64496408
58.64937	8.161255	66.81062	66.64656234
58.63614	8.170295	66.80643	66.64762102
58.6136	8.192061	66.80566	66.64877532
58.58625	8.205616	66.79187	66.64973155
58.55198	8.220199	66.77217	66.65160985
58.51016	8.246098	66.75626	66.65384332
58.45999	8.270563	66.73055	66.65473125
58.41432	8.284014	66.69833	66.65550989
58.37285	8.332652	66.70551	66.65617242
58.33411	8.348356	66.68246	66.65683495
58.29472	8.368419	66.66313	66.65694423
58.2622	8.389183	66.65138	66.65682129
			
			
0.01978234	0.01978234	0.03956468	0.533758695
0.01978234	0.01978234	0.03956468	0.928727411
0.04845664	0.05595291	0.1044096	1.360130811
0.07912937	0.1065312	0.1856605	1.797656301
0.1101434	0.1251145	0.235258	2.256807238
0.14537	0.1758294	0.3211993	2.706964737
0.1845175	0.2414744	0.4259919	3.162793001
0.235734	0.272681	0.508415	3.587468557
0.289391	0.3420692	0.6314602	4.099735742
0.3499859	0.4102162	0.7602022	4.518263701
0.4252063	0.3789758	0.8041821	4.932249158
0.5355885	0.3961419	0.9317304	5.535376216
0.6391903	0.4441136	1.083304	5.943792934
0.7483428	0.5395923	1.287935	6.312642792
0.9033066	0.5808088	1.484115	6.696882348
1.071371	0.5794597	1.650831	7.147812725
1.262691	0.618656	1.881347	7.599850874
1.496194	0.4454334	1.941628	7.992789956
1.737425	0.5185105	2.255935	8.457282955
1.995275	0.6283845	2.62366	8.886282875
2.267622	3.030605	5.298227	9.313273012
2.576027	4.205192	6.781219	9.743906201
2.973021	5.230308	8.203329	10.38915504
3.252451	5.159398	8.41185	10.75229827
3.562164	5.059583	8.621747	11.09606085
3.898777	5.05629	8.955067	11.49418233
4.242287	5.002806	9.245092	11.89596822
4.595976	5.191766	9.787743	12.31153145
4.979254	5.107989	10.08724	12.74281521
5.333955	5.097814	10.43177	13.16106783
5.685927	5.023597	10.70952	13.59142354
6.063365	5.051367	11.11473	13.99558121
6.421412	5.132669	11.55408	14.42902758
6.918293	5.280567	12.19886	15.04130112
7.235869	5.273066	12.50893	15.38472645
7.580744	5.398081	12.97882	15.7394455
7.925433	5.379462	13.3049	16.09103803
8.295573	5.176232	13.47181	16.47115173
8.695065	5.260752	13.95582	16.88228985
9.070212	5.052298	14.12251	17.29668256
9.444148	5.339389	14.78354	17.68918451
9.81504	5.163688	14.97873	18.10555797
10.20446	5.161866	15.36633	18.51442505
10.56489	5.593804	16.15869	18.91910011
11.04979	7.258177	18.30797	19.49020638
11.35447	7.116759	18.47123	19.81139945
11.65761	7.099206	18.75682	20.11896287
12.00889	7.008519	19.01741	20.46975457
12.35735	7.17958	19.53693	20.84499321
12.732	7.191621	19.92363	21.2359874
13.08856	7.284727	20.37329	21.62412656
13.45013	7.178569	20.6287	21.99917738
13.81578	7.135342	20.95112	22.41665904
14.20862	7.071991	21.28061	22.75883786
14.57266	7.132812	21.70547	23.13433264
15.07036	7.244107	22.31446	23.68057191
15.41464	7.242238	22.65688	24.01445034
15.75687	7.017134	22.77401	24.34228748
16.06721	6.958324	23.02554	24.64955037
16.44463	6.859669	23.3043	24.98023228
16.79082	6.928719	23.71954	25.32876318
17.13929	6.885925	24.02522	25.70654265
17.49562	6.946503	24.44212	26.06394085
17.88562	7.029703	24.91532	26.41781978
18.25385	6.990667	25.24452	26.76044428
18.62411	6.886039	25.51015	27.13505284
19.12389	6.852317	25.9762	27.62351895
19.46416	6.724471	26.18863	27.93797062
19.77776	6.686185	26.46394	28.2324935
20.11889	6.381347	26.50024	28.522155
20.51418	6.307703	26.82188	28.84626626
20.88335	6.234104	27.11745	29.20708467
21.25016	6.214985	27.46515	29.50536587
21.63865	6.128935	27.76759	29.84917711
21.99592	8.098685	30.09461	30.18467259
22.3485	7.967083	30.31558	30.51322518
22.69742	7.917379	30.6148	30.8511488
23.144	7.705458	30.84946	31.28771401
23.44368	7.689931	31.13361	31.54829597
23.76958	7.71223	31.48182	31.8182353
24.14606	7.693937	31.84	32.12612316
24.49469	7.616669	32.11136	32.42775115
24.83855	7.376584	32.21513	32.77005974
25.1749	7.155494	32.33039	33.05008043
25.5319	7.099925	32.63182	33.37379384
25.86776	7.185343	33.0531	33.6903253
26.20856	7.207779	33.41634	33.98578221
26.5759	7.110857	33.68676	34.28494792
27.03476	7.21216	34.24692	34.75569822
27.32108	6.99667	34.31775	35.00695357
27.62867	6.869155	34.49783	35.26126883
27.9352	6.873238	34.80844	35.51315938
28.26257	6.675235	34.9378	35.77245044
28.58436	6.737961	35.32232	36.06469034
28.92061	6.621017	35.54163	36.34535306
29.23097	6.74474	35.97571	36.64312882
29.54537	6.557118	36.10249	36.93812811
29.86515	6.43855	36.3037	37.20862752
30.21353	6.343935	36.55746	37.49226137
30.67957	6.129927	36.80949	37.91673714
30.93326	6.096736	37.02999	38.1425193
31.20263	5.974254	37.17688	38.36206549
31.50426	6.090237	37.5945	38.59221554
31.79042	6.08676	37.87718	38.86763951
32.06213	6.107466	38.1696	39.12773995
32.34335	6.037185	38.38053	39.40647315
32.59762	6.103935	38.70156	39.68103992
32.84729	6.260372	39.10766	39.91970381
33.11384	6.23014	39.34398	40.18415508
33.36026	6.216846	39.57711	40.45738314
33.70512	6.250499	39.95562	40.83749342
33.90649	6.358723	40.26522	41.0500455
34.12048	6.358846	40.47932	41.27009371
34.3168	6.332428	40.64922	41.4962481
34.54506	6.409002	40.95406	41.70519726
34.78675	6.444273	41.23103	41.94980682
35.00985	6.492322	41.50217	42.22028232
35.22845	6.328092	41.55654	42.45053483
35.44538	6.389883	41.83527	42.68116642
35.67721	6.395496	42.07271	42.92091972
35.89272	6.330663	42.22338	43.16585031
36.1677	6.459499	42.6272	43.49454975
36.36596	6.437027	42.80299	43.69587641
36.5477	6.319007	42.86671	43.90059426
36.75974	6.336205	43.09594	44.09892588
36.97206	6.326077	43.29813	44.32587941
37.1978	6.374399	43.5722	44.54573638
37.40599	6.484736	43.89072	44.76522451
37.61273	6.657673	44.2704	45.00397719
37.8209	6.653548	44.47445	45.21503004
38.04575	6.668622	44.71437	45.42799534
38.25909	6.70496	44.96405	45.65630125
38.55986	6.742674	45.30254	45.96460916
38.75961	6.75932	45.51892	46.14841639
38.96606	6.550386	45.51645	46.32450891
39.21101	6.522546	45.73355	46.50582653
39.57737	6.57799	46.15536	46.74193251
39.78831	6.578079	46.36639	47.02216835
40.01902	6.418357	46.43738	47.19488335
40.23188	6.320899	46.55278	47.37268
40.47786	6.175904	46.65376	47.55477627
40.71931	6.083796	46.80311	47.73899672
40.95407	6.029224	46.9833	47.94937338
41.25921	6.266882	47.52609	48.23344436
41.42677	6.334626	47.76139	48.39450023
41.61283	6.321302	47.93413	48.55712362
41.79419	6.261218	48.05541	48.73260143
41.96975	6.283286	48.25304	48.92330714
42.12172	6.303007	48.42472	49.10868531
42.26505	6.356934	48.62199	49.30926406
42.41245	6.456766	48.86922	49.50069378
42.54477	6.507858	49.05263	49.67764691
42.67521	6.645231	49.32043	49.87216387
42.80301	6.68683	49.48984	50.04801051
42.96694	6.84424	49.81118	50.31329506
43.07689	6.921723	49.99862	50.45329686
43.19743	7.190856	50.38829	50.59993761
43.34	7.181437	50.52143	50.76629029
43.47351	7.155987	50.6295	50.94785721
43.60417	7.250983	50.85515	51.13889419
43.7313	7.270681	51.00198	51.29365945
43.86945	7.240097	51.10954	51.46673644
44.00526	7.264229	51.26949	51.64445455
44.14957	7.40364	51.55321	51.824693
44.29994	7.430808	51.73075	51.97650421
44.51901	7.401095	51.92011	52.23758478
44.65712	7.329888	51.987	52.37966979
44.7979	7.336229	52.13413	52.53543226
44.93587	7.220126	52.15599	52.66888732
45.10892	7.167765	52.27669	52.80922381
45.29274	7.059081	52.35183	52.96267084
45.49596	7.044504	52.54047	53.11827621
45.69088	6.991986	52.68287	53.28423957
45.8876	6.840084	52.72768	53.44366985
46.08181	6.706773	52.78858	53.59229818
46.28522	6.608565	52.89379	53.75943291
46.54035	6.729311	53.26966	53.97872297
46.71189	6.866014	53.57791	54.12015911
46.87459	6.879741	53.75433	54.25053035
47.0108	6.815725	53.82652	54.37514033
47.15115	6.829207	53.98036	54.50928183
47.27554	7.132344	54.40789	54.6555196
47.39787	7.09694	54.49481	54.80184957
47.50535	7.194784	54.70013	54.94528355
47.60822	7.216375	54.82459	55.09422948
47.71673	7.299659	55.01639	55.23539584
47.81622	7.412883	55.2291	55.37940696
47.95567	7.385649	55.34132	55.60479979
48.04988	7.537129	55.58701	55.7275622
48.1461	7.59688	55.74298	55.85831934
48.22907	7.605349	55.83442	55.96763652
48.33965	7.605375	55.94502	56.07968578
48.45792	7.566571	56.02449	56.21261151
48.59248	7.567297	56.15978	56.3546931
48.72472	7.528663	56.25339	56.48091842
48.8615	7.565508	56.42701	56.63030149
49.01065	7.532546	56.5432	56.74943365
49.14887	7.4649	56.61377	56.87924481
49.31976	7.502553	56.82231	57.06482789
49.43475	7.460114	56.89486	57.16849991
49.56769	7.402765	56.97046	57.27923777
49.71988	7.393774	57.11365	57.39703122
49.87457	7.325899	57.20047	57.53186598
50.03334	7.234622	57.26797	57.65126452
50.17774	7.167163	57.3449	57.77194714
50.32645	7.155932	57.48239	57.89732892
50.47855	7.119432	57.59798	58.02584576
50.63956	7.053632	57.6932	58.14484815
50.78807	7.008239	57.79631	58.27078318
50.99122	7.047622	58.03885	58.44652395
51.11991	6.993417	58.11332	58.5485943
51.26384	6.894294	58.15814	58.65325329
51.41233	7.007959	58.42029	58.74818609
51.5731	6.894436	58.46754	58.86425833
51.74062	6.857982	58.59861	58.97966121
51.8908	6.796417	58.68721	59.09779616
52.03449	6.685804	58.72029	59.21311708
52.18682	6.799043	58.98587	59.32919614
52.32608	6.823806	59.14988	59.43841087
52.45872	6.760336	59.21906	59.56039805
52.62621	6.830213	59.45642	59.71986248
52.71806	6.871953	59.59001	59.81064936
52.8258	6.840801	59.6666	59.90226951
52.93985	6.769411	59.70926	59.99895767
53.05248	6.917527	59.97001	60.11121184
53.14159	6.976342	60.11793	60.22472275
53.22113	6.945966	60.16709	60.32971642
53.29795	6.902739	60.20069	60.43874673
53.38308	6.865214	60.24829	60.54902014
53.46642	6.857467	60.32388	60.65440313
53.54707	6.830356	60.37742	60.76772963
53.65051	6.995548	60.64605	60.91751568
53.71902	7.013863	60.73289	61.00364437
53.79859	6.988871	60.78746	61.0903946
53.8816	6.948761	60.83036	61.17533484
53.97925	6.913925	60.89318	61.27786281
54.07705	6.818084	60.89514	61.38319116
54.17867	6.768251	60.94692	61.48618358
54.29081	6.712561	61.00336	61.58227751
54.39795	6.805732	61.20368	61.68755122
54.5033	6.806625	61.30993	61.78455357
54.61801	6.666445	61.28446	61.88189743
54.79918	6.510931	61.31011	62.02528359
54.9119	6.417807	61.32971	62.1054905
55.05127	6.25351	61.30478	62.18306096
55.21128	6.175523	61.3868	62.27454452
55.35434	6.175491	61.52983	62.37531713
55.48739	6.127463	61.61485	62.46210152
55.6083	6.048604	61.65691	62.56236186
55.72807	6.058934	61.787	62.65742444
55.83055	6.040918	61.87146	62.75437898
55.92512	5.998388	61.9235	62.84381347
56.01736	6.079058	62.09642	62.93762612
56.11051	6.239636	62.35015	63.06460617
56.18135	6.190521	62.37188	63.14855603
56.24683	6.200647	62.44748	63.21853132
56.32768	6.283379	62.61106	63.30138151
56.39658	6.218706	62.61529	63.39999579
56.45637	6.296129	62.75249	63.4814253
56.51025	6.346963	62.85721	63.57120131
56.55223	6.368952	62.92118	63.66302638
56.58835	6.515326	63.10368	63.74561703
56.62279	6.510148	63.13294	63.83530424
56.65834	6.53969	63.19802	63.92362542
56.69799	6.706832	63.40482	64.04252535
56.72486	6.682576	63.40744	64.11997287
56.74704	6.731729	63.47876	64.18835673
56.77008	6.945853	63.71594	64.25915847
56.7985	7.102549	63.90105	64.35234274
56.82897	7.102632	63.9316	64.42499546
56.85576	7.137266	63.99302	64.51440264
56.87057	7.129318	63.99989	64.59435001
56.88081	7.221403	64.10221	64.67864137
56.90194	7.21749	64.11942	64.75741395
56.93529	7.223549	64.15884	64.83977237
56.9845	7.21099	64.1955	64.95367944
57.01255	7.228653	64.2412	65.01924925
57.03973	7.229196	64.26893	65.08578213
57.07145	7.219121	64.29057	65.15336002
57.11003	7.265525	64.37556	65.2335601
57.15893	7.343928	64.50286	65.23376501
57.2069	7.45651	64.66341	65.23418165
57.25244	8.025414	65.27785	65.23452999
57.2997	8.033848	65.33355	65.23458463
57.36295	7.997062	65.36002	65.23488516
57.44246	8.118684	65.56114	65.23492614
57.57963	8.096843	65.67647	65.23518569
57.67656	8.041224	65.71778	65.2353018
57.77981	8.041176	65.82098	65.23496712
57.90428	7.964569	65.86885	65.23481686
58.02685	7.86065	65.8875	65.23513105
58.15575	7.720852	65.8766	65.23494663
58.27416	7.676316	65.95048	65.23470757
58.38047	7.550448	65.93092	65.2350081
58.47202	7.488704	65.96072	65.23520618
58.54296	7.423225	65.96619	65.23579357
58.60734	7.40923	66.01657	65.23597799
58.66611	7.377409	66.04352	65.23612825
58.71779	7.279418	65.99721	65.23669516
58.74975	7.070604	65.82035	65.23758991
58.76762	7.029591	65.79721	65.23814999
58.77596	7.013918	65.78988	65.23882618
58.77493	7.009862	65.78479	65.23934527
58.76567	6.982301	65.74797	65.23974825
58.74573	6.997791	65.74352	65.24012391
58.71774	6.953361	65.6711	65.24049274
58.69262	6.923536	65.61615	65.24043127
58.67026	6.951809	65.62207	65.24064301
58.64914	6.977354	65.62649	65.24093671
58.63057	6.990134	65.6207	65.24069082
58.61404	7.011121	65.62516	65.24071131
58.5962	7.028307	65.6245	65.24041761
58.5732	7.055579	65.62878	65.24040395
58.54642	7.075901	65.62232	65.24034931
58.51892	7.106994	65.62591	65.24041761
58.49204	7.130721	65.62276	65.24002146
			
			
0.01978234	0	0.01978234	0.523019397
0.03426402	0.02797646	0.06224047	0.915143445
0.06255726	0.03956468	0.1021219	1.311644151
0.09065409	0.06255726	0.1532114	1.81002428
0.1235407	0.09891172	0.2224524	2.4475264
0.1384764	0.1384764	0.2769528	2.870649156
0.1467098	0.1398823	0.2865921	3.24032995
0.1519511	0.1312212	0.2831723	3.620825067
0.1582588	0.1235407	0.2817995	4.027544056
0.1678588	0.1203313	0.2881901	4.451178863
0.1855749	0.1312212	0.3167961	4.894809475
0.2130625	0.1582588	0.3713212	5.338398253
0.2609472	0.1887116	0.4496588	5.742965305
0.3274564	0.254109	0.5815654	6.206651488
0.4135417	0.3268584	0.7404001	6.629512349
0.5406791	0.4015385	0.9422176	7.244648588
0.6413296	0.4410186	1.082348	7.64259676
0.7571809	0.3620769	1.119258	8.017581835
0.9228091	0.302612	1.225421	8.380518457
1.097714	0.5267473	1.624461	8.82895112
1.291801	2.177627	3.469428	9.256164092
1.522514	4.530905	6.053419	9.700223726
1.755577	5.122314	6.877892	10.11666634
2.000858	5.237047	7.237905	10.54837016
2.254378	5.239254	7.493631	10.95585328
2.536053	5.211392	7.747445	11.44046716
2.8778	5.220671	8.098472	11.97012785
3.176505	5.23888	8.415384	12.39800847
3.441792	5.342471	8.784264	12.7323138
3.754628	5.366369	9.120997	13.0907331
4.0703	5.427153	9.497454	13.52160791
4.418851	5.533074	9.951925	13.95435931
4.753615	5.676992	10.43061	14.34637205
5.089274	5.916358	11.00563	14.77067707
5.418227	5.733675	11.1519	15.18373789
5.768709	6.631434	12.40014	15.5832459
6.101975	6.452392	12.55437	16.0425915
6.537621	6.652693	13.19031	16.57919849
6.828145	7.090773	13.91892	16.93975906
7.158071	7.293447	14.45152	17.3166011
7.452246	7.275915	14.72816	17.65329698
7.761519	7.330853	15.09237	18.02524177
8.095994	7.386233	15.48223	18.41854456
8.416924	7.72291	16.13983	18.83322755
8.739253	7.857677	16.59693	19.21733861
9.077488	7.998339	17.07583	19.61181961
9.377815	8.132722	17.51054	19.99312005
9.665666	8.059246	17.72491	20.40562763
10.03197	8.150302	18.18228	20.94309693
10.27615	8.15868	18.43483	21.26168428
10.53792	8.043347	18.58126	21.58602435
10.80955	8.225739	19.03529	21.92353133
11.07162	8.184893	19.25651	22.31151169
11.34686	8.272511	19.61937	22.69096115
11.60641	8.468863	20.07527	23.07103216
11.87242	8.36856	20.24098	23.45541643
12.15996	8.304729	20.46469	23.81495759
12.42708	8.42667	20.85375	24.18691091
12.68714	9.02478	21.71192	24.55569162
13.01088	9.372931	22.38381	25.06574966
13.24325	9.450889	22.69414	25.37193168
13.46024	9.819006	23.27925	25.67400705
13.71703	9.773966	23.49099	25.98434353
13.98773	9.742897	23.73063	26.36480556
14.23487	9.655531	23.89041	26.6978251
14.47615	9.875179	24.35133	27.04578226
14.72916	10.04097	24.77013	27.40880341
14.95937	10.08309	25.04247	27.7578756
15.18155	10.63491	25.81646	28.10434378
15.39255	10.90521	26.29776	28.43862178
15.66871	10.95591	26.62462	28.93228225
15.85396	11.04566	26.89962	29.22117877
16.0235	11.24215	27.26565	29.50843604
16.22622	11.36327	27.58949	29.80018074
16.43439	11.50802	27.94241	30.14288891
16.6479	11.39313	28.04103	30.44427784
16.85991	11.40586	28.26577	30.77154636
17.08159	11.53186	28.61345	31.10306667
17.28442	11.72563	29.01005	31.42627464
17.48489	11.76437	29.24926	31.72822707
17.68682	11.83355	29.52037	32.07768346
17.94973	12.13413	30.08386	32.50103908
18.14349	12.51553	30.65902	32.78796509
18.32745	12.57347	30.90092	33.04090065
18.56411	12.76259	31.3267	33.32447987
18.79114	12.84548	31.63662	33.60741021
19.025	12.86857	31.89357	33.93426551
19.26675	12.74973	32.01648	34.22597606
19.52818	12.74881	32.27699	34.52836562
19.77158	12.67562	32.4472	34.82799236
20.01071	12.8879	32.89861	35.13609878
20.25701	13.01419	33.2712	35.44357
20.54544	13.19714	33.74258	35.84696439
20.71265	13.7859	34.49855	36.10749172
20.87605	13.68236	34.55841	36.33919223
21.07231	13.5409	34.61321	36.59571023
21.27735	13.45961	34.73696	36.84751541
21.48865	13.51598	35.00464	37.13200987
21.71633	13.49735	35.21368	37.41245061
21.93074	13.84258	35.77332	37.68456194
22.14935	13.95804	36.10738	37.97427124
22.38198	14.20885	36.59084	38.24415593
22.60013	14.21101	36.81113	38.51515735
22.87952	14.28263	37.16215	38.89933501
23.08098	14.38603	37.46701	39.13199857
23.2984	14.5169	37.81531	39.39005337
23.48416	14.60695	38.0911	39.61537448
23.70583	14.54407	38.2499	39.83435718
23.9358	14.66425	38.60006	40.10009936
24.19236	14.62181	38.81417	40.353776
24.43582	14.51937	38.95518	40.63311708
24.67809	14.62194	39.30003	40.86749844
24.93136	14.94035	39.87171	41.1090276
25.16286	14.82757	39.99042	41.37141615
25.46875	15.01129	40.48004	41.71995046
25.65955	15.08477	40.74432	41.93698314
25.86366	15.10317	40.96683	42.14604841
26.06818	15.17051	41.23869	42.34955731
26.28556	14.98697	41.27253	42.60389307
26.51644	14.97609	41.49253	42.80805084
26.73331	15.03847	41.77178	43.05777622
26.94928	15.21111	42.16039	43.28032087
27.18083	15.20763	42.38846	43.5233151
27.39665	15.20018	42.59683	43.74473617
27.61069	15.13989	42.75058	43.98950967
27.89082	15.16859	43.05942	44.30810043
28.06162	15.31231	43.37392	44.50133673
28.23028	15.33363	43.5639	44.68535569
28.4288	15.25546	43.68426	44.87303905
28.63135	15.14745	43.7788	45.09626329
28.89939	15.13752	44.03692	45.39597541
29.07824	15.15838	44.23662	45.57561964
29.26717	15.07603	44.3432	45.75302356
29.47394	15.02007	44.49402	45.95440144
29.6583	15.08132	44.73962	46.16559773
29.83984	15.0126	44.85244	46.37388435
30.09227	15.02947	45.12173	46.67248656
30.25527	15.07794	45.33322	46.85197711
30.41676	15.12998	45.54673	47.03330497
30.59979	15.17863	45.77842	47.19915222
30.78858	15.30104	46.08961	47.39251829
30.97216	15.54585	46.51801	47.63973016
31.12962	15.50975	46.63937	47.80962429
31.29828	15.50767	46.80595	47.9969354
31.47219	15.51394	46.98613	48.19870944
31.62242	15.53697	47.15939	48.39619411
31.7593	15.58098	47.34029	48.60000013
31.92702	15.82255	47.74957	48.85370068
32.0283	16.04535	48.07365	49.03594379
32.12676	16.25432	48.38108	49.1895889
32.24009	16.27556	48.51565	49.35126631
32.35823	16.31125	48.66948	49.53163112
32.46965	16.42388	48.89354	49.73442286
32.58475	16.57064	49.15539	49.91028657
32.71209	16.50464	49.21673	50.07499317
32.83218	16.55099	49.38317	50.256403
32.95222	16.63446	49.58669	50.44174701
33.07253	16.59941	49.67194	50.62354275
33.24286	16.67844	49.9213	50.87078535
33.34854	16.60572	49.95426	51.0229005
33.45154	16.68215	50.13369	51.165549
33.57824	16.67946	50.25771	51.31706651
33.69597	16.67032	50.36629	51.48861696
33.81742	16.69188	50.5093	51.66210376
33.94234	16.63091	50.57325	51.82181408
34.0778	16.59717	50.67496	51.99976783
34.20458	16.64836	50.85294	52.15380567
34.3322	16.63629	50.96848	52.32742226
34.47126	16.75688	51.22814	52.49286652
34.63651	16.95445	51.59096	52.72345712
34.74664	17.15353	51.90017	52.85231206
34.86872	17.12564	51.99436	53.00013784
35.00107	17.11922	52.12029	53.13293038
35.13471	17.1124	52.24711	53.28765125
35.27111	17.05364	52.32475	53.44449971
35.41666	17.05611	52.47277	53.59516686
35.55561	17.00882	52.56443	53.74764059
35.6967	16.95698	52.65369	53.91028106
35.83498	16.95103	52.78601	54.05489324
35.97806	17.04619	53.02425	54.21083671
36.15049	17.08371	53.2342	54.4327598
36.27988	17.25126	53.53113	54.56931236
36.40628	17.36368	53.76997	54.70596737
36.52552	17.74709	54.27261	54.8312911
36.65365	17.87019	54.52384	54.95705196
36.78781	17.82641	54.61422	55.08932199
36.92666	17.92023	54.84689	55.22566965
37.05606	17.94121	54.99727	55.37061651
37.18604	18.01594	55.20197	55.52448701
37.32369	17.94412	55.26781	55.64404606
37.44934	17.8826	55.33194	55.79237387
37.6018	17.77558	55.37738	55.99364247
37.69912	17.73921	55.43833	56.10544925
37.8045	17.68578	55.49028	56.21738239
37.91731	17.66238	55.57969	56.33884707
38.03025	17.75148	55.78173	56.47212796
38.14725	17.7103	55.85756	56.59816886
38.2508	17.71018	55.96098	56.74289033
38.35077	17.82033	56.17109	56.87773534
38.44902	17.83902	56.28804	56.99700411
38.55426	17.81889	56.37314	57.13557157
38.65069	17.83548	56.48616	57.25552677
38.78072	18.00698	56.7877	57.44101764
38.87704	18.20506	57.08209	57.56247889
38.96254	18.34488	57.30742	57.6714409
39.04937	18.35502	57.4044	57.77984967
39.14907	18.33549	57.48456	57.89054654
39.2518	18.28886	57.54066	58.01463059
39.3429	18.25655	57.59945	58.13659045
39.43294	18.36374	57.79668	58.25618707
39.5285	18.35918	57.88767	58.37281255
39.61782	18.3593	57.97712	58.50945049
39.70493	18.36032	58.06525	58.61712842
39.81879	18.56906	58.38785	58.7934361
39.88549	18.52646	58.41195	58.89560207
39.94624	18.4605	58.40675	58.99124521
40.00547	18.55481	58.56028	59.08714789
40.06031	18.91214	58.97245	59.21655266
40.10884	19.05968	59.16853	59.32013248
40.15738	19.05993	59.21731	59.43556951
40.20488	19.05192	59.2568	59.54785782
40.25625	19.10243	59.35868	59.67191455
40.30284	19.15538	59.45822	59.76797433
40.34719	19.17113	59.51832	59.88820615
40.40172	19.18235	59.58407	60.03418779
40.43503	19.24489	59.67992	60.12435995
40.47717	19.3197	59.79687	60.2117249
40.52035	19.40448	59.92482	60.31845344
40.56631	19.40476	59.97108	60.4282419
40.61002	19.39807	60.00809	60.53463576
40.65505	19.41709	60.07214	60.64145309
40.70806	19.44516	60.15322	60.74355759
40.76009	19.45204	60.21213	60.85025198
40.81382	19.40472	60.21854	60.96637885
40.86938	19.37489	60.24427	61.05582701
40.94558	19.32018	60.26576	61.20634389
40.99347	19.28097	60.27444	61.28733628
41.04158	19.33465	60.37624	61.37256338
41.09966	19.33078	60.43044	61.4613012
41.15541	19.3592	60.51461	61.56366525
41.21355	19.33993	60.55349	61.66713578
41.27216	19.31081	60.58297	61.76674727
41.33117	19.26556	60.59672	61.85995886
41.38033	19.24331	60.62364	61.95765106
41.42425	19.21651	60.64075	62.05572574
41.46619	19.25759	60.72377	62.14731858
41.5426	19.41675	60.95936	62.34271664
41.57664	19.50168	61.07832	62.42580589
41.60711	19.49354	61.10065	62.50618356
41.63615	19.48205	61.1182	62.57970371
41.66121	19.48474	61.14594	62.66139961
41.6838	19.48115	61.16494	62.73685954
41.71332	19.53946	61.25278	62.81838468
41.7446	19.65917	61.40377	62.90007374
41.77496	19.6965	61.47147	62.9912636
41.80804	19.72884	61.53688	63.07984433
41.84698	19.70356	61.55054	63.17926456
41.89985	19.67895	61.57879	63.30015208
41.94025	19.68476	61.62501	63.37589205
41.97906	19.72997	61.70903	63.44792323
42.02446	19.86972	61.89418	63.52253621
42.07807	19.81558	61.89365	63.61163603
42.14022	19.77101	61.91124	63.70031238
42.21281	19.74149	61.9543	63.78355873
42.28016	19.70059	61.98075	63.87151791
42.34384	19.65661	62.00045	63.95391048
42.41179	19.65833	62.07011	64.03777154
42.47848	19.67713	62.15561	64.1237568
42.57255	19.65467	62.22722	64.23979488
42.63846	19.56273	62.20119	64.31404587
42.70764	19.53132	62.23896	64.38146667
42.77754	19.57253	62.35007	64.44979588
42.83818	19.56137	62.39955	64.53517325
42.895	19.54011	62.4351	64.61344039
42.94532	19.54156	62.48689	64.6941459
42.99654	19.60753	62.60406	64.77358783
43.04842	19.75845	62.80687	64.85421139
43.10129	19.78599	62.88728	64.93107834
43.14385	19.76604	62.90989	65.01322503
43.19011	19.85796	63.04807	65.08971632
43.21723	19.83418	63.05141	65.08921771
43.24511	19.86554	63.11065	65.08859616
43.27188	19.86852	63.1404	65.08807707
43.29754	19.8718	63.16934	65.08757164
43.32104	19.88819	63.20923	65.08698424
43.34425	19.89312	63.23737	65.08649247
43.3719	19.886	63.2579	65.08600069
43.40883	19.86645	63.27528	65.08587092
43.44947	19.86387	63.31334	65.0860485
43.49417	19.84789	63.34206	65.08639684
43.55238	19.90878	63.46116	65.08632171
43.58865	19.91315	63.5018	65.08650613
43.63838	19.8716	63.50998	65.08669054
43.69336	19.82549	63.51884	65.08684764
43.75877	19.80235	63.56112	65.08703205
43.82312	19.73239	63.55552	65.08690228
43.88899	19.68311	63.5721	65.08688862
43.95404	19.65378	63.60782	65.08586409
44.01949	19.58122	63.60071	65.08498299
44.07339	19.58329	63.65668	65.08434096
44.11983	19.60494	63.72478	65.08302273
44.16264	19.58855	63.75118	65.08231922
44.19855	19.54553	63.74408	65.08169767
44.23278	19.50426	63.73705	65.08128786
44.26661	19.48927	63.75588	65.08032481
44.29871	19.47089	63.7696	65.07972375
44.32235	19.46596	63.78831	65.07882216
44.34184	19.45403	63.79587	65.07820062
44.36069	19.44829	63.80898	65.07749711
			
			
0.01978234	0.1724585	0.1922408	0.52786056
0.04423466	0.1582588	0.2024934	0.940660392
0.07661668	0.1570175	0.2336342	1.321157964
0.1083524	0.1780411	0.2863935	1.788925825
0.1440177	0.1938267	0.3378443	2.237559125
0.1866263	0.220287	0.4069133	2.681098597
0.249446	0.2697954	0.5192415	3.357363536
0.2960753	0.3006659	0.5967412	3.740049863
0.3477423	0.3631561	0.7108985	4.098493501
0.4149588	0.3990945	0.8140533	4.460981038
0.4893896	15.70234	16.19173	4.893288478
0.5709552	21.78403	22.35498	5.324100532
0.6638185	21.68207	22.34589	5.793898454
0.7564052	21.64104	22.39745	6.200583719
0.8568369	21.53788	22.39472	6.669209836
0.9614412	21.43763	22.39907	7.09251594
1.075018	21.39533	22.47035	7.541554354
1.219167	21.30232	22.52149	8.223040759
1.296035	21.28685	22.58289	8.570337102
1.384798	21.27857	22.66337	8.942350191
1.475384	21.2852	22.76058	9.330876971
1.57607	21.28329	22.85936	9.720936275
1.683304	4.294046	5.97735	10.1339749
1.801897	4.301019	6.102916	10.60789953
1.915302	4.604747	6.520049	10.99345262
2.034709	4.959818	6.994527	11.45421548
2.172588	5.119789	7.292377	11.87270203
2.351686	5.277189	7.628875	12.47847579
2.565138	5.178957	7.744095	13.079103
2.706748	5.337077	8.043824	13.45965553
2.838694	5.328037	8.166732	13.81521896
2.974667	5.400041	8.374707	14.15397245
3.114453	5.462245	8.576698	14.5325374
3.268663	5.631516	8.900179	14.89785178
3.436668	9.21708	12.65375	15.24314687
3.606304	10.20791	13.81421	15.68532138
3.776987	10.23355	14.01053	16.10846355
3.95864	10.41928	14.37792	16.52737955
4.124025	10.56028	14.68431	16.90551079
4.347309	10.86359	15.2109	17.50729315
4.504979	10.92409	15.42907	17.86948443
4.633034	11.00251	15.63555	18.24420227
4.753533	11.46584	16.21937	18.57358303
4.884232	11.58633	16.47056	18.92238543
5.015908	11.63627	16.65217	19.33940605
5.135341	11.95187	17.08721	19.72876953
5.256765	11.93733	17.1941	20.10291364
5.376146	11.90097	17.27712	20.55038324
5.497364	12.06766	17.56502	20.89831821
5.606788	12.46658	18.07337	21.29953889
5.755307	12.65755	18.41286	21.84090653
5.864545	12.79996	18.66451	22.16826042
5.988445	12.85969	18.84814	22.49250658
6.122022	12.97047	19.09249	22.84464212
6.262501	13.42932	19.69182	23.22426233
6.390834	14.48735	20.87819	23.60736423
6.522005	15.36275	21.88475	23.97412149
6.656082	15.54329	22.19937	24.32565255
6.80158	15.93749	22.73907	24.75877022
6.936386	16.24847	23.18486	25.06702349
7.074986	16.36748	23.44246	25.46104858
7.27435	16.59811	23.87246	25.98864655
7.420132	16.52468	23.94481	26.32187782
7.55128	16.44065	23.99193	26.6052453
7.722733	16.33758	24.06031	26.91484924
7.905072	16.32083	24.2259	27.26817664
8.074188	16.39091	24.4651	27.60051487
8.245098	16.63527	24.88037	27.98007361
8.424432	16.8469	25.27134	28.30107202
8.626824	17.21883	25.84566	28.66133206
8.820759	17.13651	25.95727	29.03256992
9.015632	17.41138	26.42701	29.35076112
9.297666	17.52539	26.82306	29.89725481
9.466765	17.6369	27.10367	30.19843884
9.612923	18.32705	27.93997	30.46637692
9.792416	19.23506	29.02748	30.74812222
9.989363	19.2992	29.28856	31.04549842
10.18267	19.46543	29.64811	31.38453536
10.37081	19.59474	29.96555	31.69675014
10.56984	19.67541	30.24524	32.01208973
10.76039	19.71076	30.47115	32.37453031
10.96031	19.68573	30.64604	32.6578329
11.16844	19.57264	30.74108	33.01813905
11.47331	19.71891	31.19222	33.47268132
11.68761	19.77513	31.46274	33.75848376
11.87275	19.89182	31.76457	34.0178397
12.06818	19.83143	31.89961	34.28039901
12.30634	19.97231	32.27866	34.55092915
12.54369	19.86438	32.40808	34.85668599
12.76234	19.81638	32.57872	35.16377471
12.97328	19.82358	32.79686	35.47403264
13.15546	19.90643	33.06189	35.77626511
13.33552	20.079	33.41453	36.03704173
13.53211	20.24621	33.77831	36.37573716
13.87866	20.54133	34.41999	36.94772453
14.01159	20.58074	34.59233	37.18969765
14.18617	20.71906	34.90523	37.46532652
14.33871	20.77143	35.11014	37.72819318
14.50336	21.17454	35.6779	37.99623713
14.68138	21.25938	35.94075	38.24393736
14.85572	21.46542	36.32114	38.48599927
15.03498	21.43604	36.47102	38.70785748
15.23353	21.43828	36.67181	38.95667444
15.44114	21.46172	36.90285	39.19418745
15.69403	21.4132	37.10723	39.47230251
16.02918	21.37222	37.4014	39.85326315
16.22338	21.23122	37.45461	40.09017168
16.44843	21.24072	37.68915	40.30245055
16.6826	21.30435	37.98695	40.55118213
16.91751	21.19689	38.1144	40.80399134
17.15726	21.1101	38.26736	41.06431376
17.41736	21.37687	38.79423	41.32924656
17.65322	21.42276	39.07597	41.59248547
17.8705	21.41244	39.28294	41.85034219
18.08239	22.80414	40.88653	42.08607252
18.27055	22.73284	41.0034	42.34533284
18.51781	22.68304	41.20085	42.69251136
18.68936	22.6665	41.35586	42.90467412
18.87916	22.678	41.55716	43.10851429
19.08541	22.624	41.7094	43.32747649
19.29379	22.665	41.95879	43.57717114
19.51765	22.69823	42.21588	43.81077727
19.72549	22.71984	42.44533	44.04907916
19.93523	22.70959	42.64481	44.28623699
20.1437	22.68189	42.82559	44.52473696
20.37012	22.61711	42.98723	44.77631332
20.59222	22.49832	43.09054	44.99398804
20.89513	22.51173	43.40686	45.30740493
21.11141	22.49346	43.60487	45.50523454
21.35403	22.43601	43.79004	45.68392253
21.65382	22.33694	43.99076	45.93639365
21.89562	22.13919	44.03481	46.14407239
22.14791	21.96236	44.11027	46.36060646
22.38385	22.0666	44.45045	46.56411878
22.59781	22.09602	44.69383	46.78724741
22.79856	22.16076	44.95931	46.99246727
22.96148	22.30478	45.26627	47.21853971
23.10618	22.91284	46.01902	47.42756741
23.28476	23.31551	46.60027	47.73396628
23.39219	23.27188	46.66407	47.91518486
23.50604	23.16168	46.66772	48.0846965
23.6128	23.09447	46.70728	48.2756925
23.72936	23.16288	46.89224	48.45178502
23.83387	23.34065	47.17452	48.65652336
23.93673	23.37517	47.31189	48.87475474
24.04107	23.45402	47.49509	49.06121891
24.15637	23.50706	47.66343	49.25822547
24.26701	23.50174	47.76875	49.4533913
24.38457	23.70593	48.0905	49.65204053
24.54731	23.70314	48.25045	49.92549399
24.67026	23.9002	48.57047	50.08799102
24.79753	23.99367	48.7912	50.25593171
24.92808	24.06923	48.99731	50.42396462
25.0812	23.94135	49.02255	50.5909081
25.22723	24.10174	49.32897	50.78555825
25.37681	24.07324	49.45005	50.96988115
25.54282	23.973	49.51582	51.14922826
25.70123	23.98621	49.68745	51.33951734
25.86472	23.92569	49.79041	51.51907618
26.03319	24.75451	50.7877	51.6959815
26.25436	24.79657	51.05093	51.94908783
26.4152	24.77192	51.18712	52.09793473
26.56481	24.80235	51.36716	52.2471368
26.75402	24.85412	51.60814	52.4191756
26.93216	24.82369	51.75585	52.57345933
27.10835	24.77216	51.8805	52.75137894
27.27847	24.6767	51.95517	52.91838048
27.44995	24.57505	52.025	53.09418614
27.60811	24.61859	52.2267	53.26370802
27.77152	24.63578	52.4073	53.42794675
27.95552	24.69794	52.65346	53.59260554
28.21823	24.69371	52.91194	53.84203722
28.40936	24.70639	53.11575	53.98838769
28.57673	24.62304	53.19978	54.13611785
28.74684	24.62112	53.36797	54.26994858
28.93421	24.52092	53.45513	54.41979952
29.14944	24.49133	53.64078	54.55045421
29.39199	24.40538	53.79737	54.71016794
29.61867	24.18949	53.80816	54.86836537
29.83241	23.91454	53.74695	55.03490929
30.02813	23.85019	53.87832	55.17451836
30.22297	24.05459	54.27756	55.33470679
30.43889	23.8696	54.30849	55.5418152
30.56683	23.68863	54.25546	55.66984369
30.72781	23.6312	54.35901	55.7930603
30.88878	23.65502	54.5438	55.93466378
31.0491	23.61509	54.66418	56.07150663
31.20446	23.64335	54.84782	56.23336504
31.36342	23.8706	55.23402	56.3620902
31.50496	23.80426	55.30922	56.51580361
31.63524	23.82379	55.45903	56.65772811
31.76562	23.76447	55.53008	56.80189633
31.88164	23.67513	55.55677	56.9469115
32.02509	23.63801	55.6631	57.13889446
32.12853	23.60196	55.73049	57.25231317
32.25124	23.52879	55.78003	57.38356208
32.37432	23.43722	55.81155	57.4995387
32.49773	23.47081	55.96854	57.63012509
32.63075	23.54703	56.17778	57.76948144
32.75901	23.62672	56.38572	57.90791571
32.88961	23.62146	56.51107	58.03639841
33.02353	23.5861	56.60963	58.17352812
33.16677	23.58665	56.75342	58.30511854
33.30355	23.64694	56.95049	58.43428425
33.48356	23.79627	57.27983	58.61523646
33.61897	23.92522	57.54418	58.72583771
33.74593	23.93914	57.68507	58.83443772
33.89285	24.02443	57.91727	58.94311286
34.03546	24.08585	58.1213	59.06849465
34.17752	24.04494	58.22247	59.19371251
34.30299	24.066	58.36898	59.32655286
34.43238	24.01958	58.45197	59.44048725
34.59003	23.90658	58.49661	59.57080726
34.75704	23.82796	58.58501	59.68782206
34.94258	23.83096	58.77353	59.81491822
35.22332	23.64207	58.86539	60.00293967
35.36845	23.61462	58.98307	60.09837791
35.53284	23.5118	59.04464	60.19594033
35.68027	23.47308	59.15335	60.29527861
35.85878	23.48275	59.34153	60.4042133
36.02424	23.45116	59.4754	60.52910331
36.18925	23.37949	59.56874	60.63602309
36.36333	23.26166	59.62498	60.76537321
36.51741	23.17044	59.68785	60.86556526
36.66111	23.1058	59.76691	60.9792401
36.79593	22.99569	59.79162	61.09587924
36.9619	22.94009	59.90199	61.25641601
37.05528	22.83539	59.89067	61.34408832
37.14205	22.89785	60.0399	61.44216984
37.24073	23.05171	60.29244	61.53665868
37.34768	23.29082	60.6385	61.64258808
37.46075	23.24461	60.70536	61.75592825
37.57454	23.11344	60.68798	61.85850403
37.69076	23.29054	60.9813	61.96335426
37.78207	23.33325	61.11532	62.07601824
37.85728	23.34323	61.20051	62.17871013
37.91642	23.38178	61.29819	62.28433901
37.98189	23.3285	61.31039	62.44297699
38.02179	23.29874	61.32053	62.53016435
38.05902	23.29875	61.35777	62.62206455
38.10526	23.31476	61.42002	62.70636958
38.16818	23.36639	61.53456	62.79678079
38.24638	23.31575	61.56213	62.89686355
38.33038	23.2512	61.58157	62.99888609
38.41963	23.21568	61.63531	63.08669501
38.49622	23.15355	61.64977	63.19868962
38.57558	23.07542	61.65101	63.28310393
38.6683	22.98462	61.65292	63.38387654
38.79943	23.16583	61.96526	63.52512486
38.88822	23.26627	62.1545	63.5995466
38.9939	23.28186	62.27576	63.68029993
39.11255	23.23377	62.34631	63.7758611
39.21565	23.18077	62.39642	63.86521364
39.30979	23.13956	62.44935	63.95048172
39.39974	23.12217	62.52191	64.04774362
39.47666	23.12929	62.60595	64.14427468
39.5497	23.09398	62.64368	64.2296179
39.62143	23.06246	62.6839	64.32772674
39.69361	23.09106	62.78467	64.41193614
39.77553	23.15034	62.92587	64.54539804
39.82775	23.1998	63.02756	64.61653446
39.8823	23.23116	63.11346	64.69212417
39.93864	23.37236	63.311	64.76956485
39.99239	23.56597	63.55836	64.85761965
40.04601	23.60019	63.6462	64.94366638
40.10077	23.59735	63.69812	65.03615397
40.15142	23.54602	63.69744	65.11515877
40.20428	23.51772	63.722	65.19957991
40.26793	23.4816	63.74952	65.29312618
40.33266	23.6322	63.96487	65.37150943
40.42428	23.78908	64.21336	65.49771084
40.48733	23.9791	64.46643	65.56727632
40.55558	23.97983	64.5354	65.63476542
40.6429	23.92345	64.56635	65.7039006
40.73742	23.92917	64.66659	65.78505691
40.83865	23.89364	64.73229	65.86722408
40.9311	23.78938	64.72049	65.94732854
41.02382	23.73813	64.76196	66.0285873
41.12324	23.6214	64.74464	66.11597958
41.24282	23.49294	64.73576	66.18460249
41.36734	23.43127	64.79861	66.19204739
41.52954	23.32306	64.8526	66.19422623
41.63619	23.26019	64.89638	66.19546249
41.74615	23.13215	64.8783	66.19713589
41.85494	23.08456	64.9395	66.19896638
41.96192	22.97573	64.93765	66.20038706
42.07141	23.24238	65.3138	66.20165064
42.16691	23.47059	65.6375	66.20266151
42.24966	23.42408	65.67374	66.2036314
42.32052	23.35657	65.67709	66.20438272
42.37822	23.52518	65.9034	66.20518185
42.44592	23.55842	66.00433	66.20606977
42.56084	23.58821	66.14906	66.20777732
42.62153	23.55416	66.17569	66.20865841
42.67655	23.49352	66.17007	66.20960098
42.73193	23.42463	66.15656	66.21086457
42.76767	23.38749	66.15517	66.21193008
42.78873	23.35983	66.14855	66.21301608
42.79535	23.35045	66.1458	66.2138357
42.79638	23.34587	66.14226	66.21468264
42.79614	23.28712	66.08326	66.21524272
42.79873	23.28194	66.08067	66.21555008
42.80386	23.24671	66.05058	66.21574132
42.80273	23.23781	66.04054	66.21577547
42.79642	23.21981	66.01623	66.21588476
42.78993	23.20595	65.99588	66.2161443
42.79073	23.20498	65.9957	66.2168683
42.79678	23.19761	65.99438	66.21726445
42.80686	23.1594	65.96626	66.21754449
