0 (-0.07808112, 0, 9.5) 0.489389572403552
0.02797646 (-0.1404451, 0, 9.5) 0.880711767278889
0.03956468 (-0.2117909, 0, 9.5) 1.32780651310358
0.04845664 (-0.2857943, 0, 9.5) 1.79176782440194
0.05934703 (-0.3536245, 0, 9.5) 2.21690826078644
0.07401875 (-0.4630314, 0, 9.5) 2.90204988420297
0.09691329 (-0.4953654, 0, 9.5) 3.10444269347147
0.132704 (-0.5735392, 0, 9.5) 3.59346717091332
0.1769387 (-0.639091, 0, 9.5) 4.00325675687636
0.234068 (-0.7102174, 0, 9.5) 4.44752513835777
0.2934199 (-0.7820339, 0, 9.5) 4.89560988810303
0.3544303 (-0.8531262, 0, 9.5) 5.33865523881532
0.4173099 (-0.925329, 0, 9.5) 5.78811072217302
0.4780633 (-0.9974502, 0, 9.5) 6.23652502855135
0.5475121 (-1.076842, 0, 9.5) 6.72922286716885
0.6351982 (-1.139162, 0, 9.5) 7.11535310433021
0.7271236 (-1.248994, 0, 9.5) 7.79442503734858
0.8289794 (-1.281642, 0, 9.5) 7.99595745621039
0.9443973 (-1.356219, 0, 9.5) 8.45554125650634
1.082817 (-1.424341, 0, 9.5) 8.87440346827604
1.223973 (-1.498449, 0, 9.5) 9.32904477284953
1.377856 (-1.570375, 0, 9.5) 9.76917704783112
1.54649 (-1.640746, 0, 9.5) 10.1985594586494
1.747645 (-1.709235, 0, 9.5) 10.6157440051756
1.951038 (-1.781532, 0, 9.5) 11.054781742324
2.160483 (-1.853304, 0, 9.5) 11.48945071965
2.385565 (-1.92453, 0, 9.5) 11.9196365314831
2.600981 (-2.034837, 0, 9.5) 12.5832432084095
2.826324 (-2.069941, 0, 9.5) 12.7935916940929
3.058575 (-2.141892, 0, 9.5) 13.22410962388
3.309201 (-2.211074, 0, 9.5) 13.6364302218606
3.541935 (-2.283307, 0, 9.5) 14.0654779534038
3.774965 (-2.353154, 0, 9.5) 14.4789682212996
4.02978 (-2.425532, 0, 9.5) 14.9058465139707
4.272464 (-2.496326, 0, 9.5) 15.3218460226557
4.518784 (-2.571473, 0, 9.5) 15.7616760617614
4.767688 (-2.638879, 0, 9.5) 16.1545570872588
5.040611 (-2.713794, 0, 9.5) 16.5896196542425
5.300198 (-2.811589, 0, 9.5) 17.1548844120478
5.564015 (-2.855011, 0, 9.5) 17.4045346606595
5.853806 (-2.924379, 0, 9.5) 17.8023061016861
6.136032 (-3.000537, 0, 9.5) 18.2369571497653
6.432791 (-3.068773, 0, 9.5) 18.6246779672567
6.740841 (-3.140593, 0, 9.5) 19.0308932297887
7.078507 (-3.210158, 0, 9.5) 19.4221776985404
7.401174 (-3.283659, 0, 9.5) 19.8339663955303
7.733831 (-3.353059, 0, 9.5) 20.2209888261672
8.102055 (-3.427729, 0, 9.5) 20.635118570535
8.447176 (-3.496393, 0, 9.5) 21.0138747645879
8.787357 (-3.609707, 0, 9.5) 21.6352990462543
9.124405 (-3.63972, 0, 9.5) 21.7982827305567
9.484315 (-3.709569, 0, 9.5) 22.177853424682
9.820488 (-3.782384, 0, 9.5) 22.5713696577831
10.15003 (-3.853423, 0, 9.5) 22.9531669936158
10.49248 (-3.926308, 0, 9.5) 23.342962481103
10.8038 (-3.995526, 0, 9.5) 23.7111711553502
11.10993 (-4.071196, 0, 9.5) 24.1112648607342
11.41011 (-4.139074, 0, 9.5) 24.4679270999925
11.72013 (-4.213259, 0, 9.5) 24.8558664835411
11.99664 (-4.282826, 0, 9.5) 25.2175028081473
12.25771 (-4.390888, 0, 9.5) 25.7752458200009
12.50315 (-4.423694, 0, 9.5) 25.9435468066628
12.75484 (-4.497313, 0, 9.5) 26.319336991018
12.98305 (-4.56995, 0, 9.5) 26.6881159860706
13.20713 (-4.640781, 0, 9.5) 27.0455124706772
13.41454 (-4.709976, 0, 9.5) 27.3922777656594
13.67323 (-4.782651, 0, 9.5) 27.7543256091701
13.90751 (-4.852946, 0, 9.5) 28.1026686778775
14.16709 (-4.924726, 0, 9.5) 28.4560421809943
14.41326 (-4.997702, 0, 9.5) 28.8132081467125
14.65582 (-5.069857, 0, 9.5) 29.1638256684522
14.89886 (-5.181437, 0, 9.5) 29.7018294332677
15.16553 (-5.2101, 0, 9.5) 29.8394167662555
15.42439 (-5.282613, 0, 9.5) 30.1853180422929
15.69054 (-5.352887, 0, 9.5) 30.5183888077555
15.97659 (-5.426708, 0, 9.5) 30.8659020084645
16.24132 (-5.495514, 0, 9.5) 31.1875185464937
16.49983 (-5.570292, 0, 9.5) 31.5345228981009
16.74994 (-5.640218, 0, 9.5) 31.8568839267623
17.0146 (-5.713553, 0, 9.5) 32.1927755604003
17.2636 (-5.782062, 0, 9.5) 32.5044849088693
17.51598 (-5.857119, 0, 9.5) 32.8434603729702
17.76404 (-5.965744, 0, 9.5) 33.3296878878992
18.02351 (-5.997398, 0, 9.5) 33.470137070198
18.26171 (-6.07056, 0, 9.5) 33.7934918914005
18.50245 (-6.14011, 0, 9.5) 34.0990199185653
18.76972 (-6.210575, 0, 9.5) 34.4060779081302
19.02385 (-6.286209, 0, 9.5) 34.7332815409958
19.27728 (-6.352919, 0, 9.5) 35.019917264594
19.54625 (-6.424289, 0, 9.5) 35.324150970889
19.7968 (-6.496412, 0, 9.5) 35.6298156018395
20.05122 (-6.569684, 0, 9.5) 35.9380278933938
20.30915 (-6.641919, 0, 9.5) 36.239310957917
20.58685 (-6.748528, 0, 9.5) 36.6803226197692
20.84026 (-6.783256, 0, 9.5) 36.8229267267879
21.08842 (-6.853324, 0, 9.5) 37.1089784692021
21.35412 (-6.925321, 0, 9.5) 37.4010271178099
21.60336 (-6.996861, 0, 9.5) 37.6886805396119
21.84781 (-7.070184, 0, 9.5) 37.9814190373376
22.08085 (-7.139646, 0, 9.5) 38.2567576278559
22.32001 (-7.211785, 0, 9.5) 38.5405178417645
22.54481 (-7.28181, 0, 9.5) 38.8141864510023
22.7772 (-7.355103, 0, 9.5) 39.0984760045806
23.01578 (-7.425104, 0, 9.5) 39.3678040285268
23.27652 (-7.534319, 0, 9.5) 39.7839469711868
23.5244 (-7.56878, 0, 9.5) 39.9143079639094
23.77906 (-7.63911, 0, 9.5) 40.1786772704336
24.05968 (-7.709253, 0, 9.5) 40.4407857843039
24.32583 (-7.781834, 0, 9.5) 40.7099020723822
24.59141 (-7.852588, 0, 9.5) 40.9704123219595
24.85104 (-7.924801, 0, 9.5) 41.2342454586246
25.1173 (-7.997222, 0, 9.5) 41.4963266517378
25.36033 (-8.070662, 0, 9.5) 41.7606618073156
25.61208 (-8.139387, 0, 9.5) 42.0063915272768
25.8932 (-8.211199, 0, 9.5) 42.2610551348248
26.16607 (-8.321271, 0, 9.5) 42.6473843012492
26.44708 (-8.353242, 0, 9.5) 42.7583680469659
26.75116 (-8.425872, 0, 9.5) 43.009555088167
27.03466 (-8.49535, 0, 9.5) 43.2482770339203
27.31656 (-8.571408, 0, 9.5) 43.5075339437635
27.59353 (-8.63941, 0, 9.5) 43.7374859264729
27.87908 (-8.711607, 0, 9.5) 43.9797664008445
28.13342 (-8.784151, 0, 9.5) 44.2208618373748
28.37671 (-8.855377, 0, 9.5) 44.4561174620652
28.61009 (-8.92925, 0, 9.5) 44.6982203515153
28.84993 (-8.998276, 0, 9.5) 44.9225818242936
29.06504 (-9.101173, 0, 9.5) 45.254286551899
29.27589 (-9.140872, 0, 9.5) 45.3813178273444
29.49959 (-9.210396, 0, 9.5) 45.6021788281134
29.70617 (-9.281814, 0, 9.5) 45.8275033575812
29.90897 (-9.352736, 0, 9.5) 46.0494503584467
30.12458 (-9.424076, 0, 9.5) 46.2712573404319
30.33205 (-9.495464, 0, 9.5) 46.4916402279509
30.55593 (-9.571774, 0, 9.5) 46.7256425129072
30.80023 (-9.641477, 0, 9.5) 46.9375730411841
31.08451 (-9.709328, 0, 9.5) 47.1426426443226
31.36251 (-9.78295, 0, 9.5) 47.3633670413059
31.6412 (-9.886293, 0, 9.5) 47.6700766912172
31.93468 (-9.926757, 0, 9.5) 47.7895913433528
32.20189 (-9.996888, 0, 9.5) 47.9950878333218
32.46206 (-10.07096, 0, 9.5) 48.2101978147116
32.70909 (-10.13821, 0, 9.5) 48.4039088130666
32.94847 (-10.21322, 0, 9.5) 48.6176766622616
33.15504 (-10.28204, 0, 9.5) 48.8125453777008
33.35668 (-10.35449, 0, 9.5) 49.0162250373195
33.56113 (-10.42438, 0, 9.5) 49.2115206395891
33.78331 (-10.49737, 0, 9.5) 49.413820600972
33.98907 (-10.57051, 0, 9.5) 49.6146896376993
34.19131 (-10.67277, 0, 9.5) 49.8929959454626
34.40526 (-10.70937, 0, 9.5) 49.9922932373101
34.60912 (-10.78244, 0, 9.5) 50.1890265944245
34.82001 (-10.85402, 0, 9.5) 50.3801557812293
35.04821 (-10.92451, 0, 9.5) 50.56701609973
35.25607 (-10.99655, 0, 9.5) 50.7567416826364
35.45427 (-11.06967, 0, 9.5) 50.9475703411126
35.64102 (-11.13974, 0, 9.5) 51.1287513572215
35.82866 (-11.21032, 0, 9.5) 51.3103524299716
35.99195 (-11.28306, 0, 9.5) 51.4959696540221
36.14392 (-11.35363, 0, 9.5) 51.6746849717987
36.2925 (-11.46662, 0, 9.5) 51.9586022800609
36.42597 (-11.49413, 0, 9.5) 52.0272320220118
36.55675 (-11.57148, 0, 9.5) 52.2188700579185
36.68397 (-11.6402, 0, 9.5) 52.3881392239117
36.76282 (-11.71103, 0, 9.5) 52.5608473902108
36.91934 (-11.78129, 0, 9.5) 52.7314928393453
37.01699 (-11.85544, 0, 9.5) 52.9097197985878
37.11122 (-11.925, 0, 9.5) 53.0756592473039
37.21154 (-11.99922, 0, 9.5) 53.2513487912265
37.30793 (-12.06963, 0, 9.5) 53.4169603908568
37.40857 (-12.14134, 0, 9.5) 53.584248801957
37.52238 (-12.24487, 0, 9.5) 53.8238723326961
37.63538 (-12.28468, 0, 9.5) 53.9158818125748
37.7572 (-12.35268, 0, 9.5) 54.0719516377719
37.88533 (-12.42678, 0, 9.5) 54.2402884829275
38.02649 (-12.49556, 0, 9.5) 54.395463553328
38.15972 (-12.56946, 0, 9.5) 54.5611980963655
38.29329 (-12.6388, 0, 9.5) 54.7152291100605
38.43621 (-12.71019, 0, 9.5) 54.872702539156
38.56829 (-12.78165, 0, 9.5) 55.0290865530602
38.69641 (-12.85316, 0, 9.5) 55.184469944234
38.82007 (-12.92502, 0, 9.5) 55.3395562221738
38.9539 (-13.02693, 0, 9.5) 55.5573675434264
39.08097 (-13.06983, 0, 9.5) 55.6488374383515
39.20539 (-13.13901, 0, 9.5) 55.7944331682777
39.3336 (-13.21212, 0, 9.5) 55.9475250309458
39.44655 (-13.29178, 0, 9.5) 56.1128395173422
39.55395 (-13.35589, 0, 9.5) 56.244911472481
39.65719 (-13.42363, 0, 9.5) 56.3835643149974
39.76789 (-13.4963, 0, 9.5) 56.5312569130346
39.87792 (-13.57113, 0, 9.5) 56.6822723981596
39.99651 (-13.64114, 0, 9.5) 56.8226464483762
40.12891 (-13.70996, 0, 9.5) 56.9596532152746
40.25546 (-13.81673, 0, 9.5) 57.1700025547316
40.38637 (-13.85227, 0, 9.5) 57.2400290703917
40.52646 (-13.92614, 0, 9.5) 57.3836235548569
40.68447 (-13.99795, 0, 9.5) 57.5225496049448
40.8315 (-14.07395, 0, 9.5) 57.6680394669371
40.97039 (-14.13979, 0, 9.5) 57.7936056667805
41.10987 (-14.21148, 0, 9.5) 57.9289253769251
41.23455 (-14.28268, 0, 9.5) 58.0625853510731
41.3593 (-14.35432, 0, 9.5) 58.1959038157567
41.48563 (-14.4251, 0, 9.5) 58.3266541292686
41.62387 (-14.49563, 0, 9.5) 58.4563047823054
41.76783 (-14.61404, 0, 9.5) 58.6716538203202
41.89926 (-14.641, 0, 9.5) 58.7207765416689
42.05638 (-14.71191, 0, 9.5) 58.8485693832197
42.20345 (-14.78141, 0, 9.5) 58.9729198093702
42.34688 (-14.85395, 0, 9.5) 59.1016483868533
42.48265 (-14.92418, 0, 9.5) 59.2253021336965
42.61213 (-14.99958, 0, 9.5) 59.3570359944657
42.72114 (-14.93083, 0, 9.5) 59.2376989272515
42.8194 (-14.85995, 0, 9.5) 59.1135329162118
42.91658 (-14.78899, 0, 9.5) 58.9888614711649
43.00115 (-14.7171, 0, 9.5) 58.8612052333998
43.07833 (-14.60904, 0, 9.5) 58.6675215558019
43.15114 (-14.57621, 0, 9.5) 58.6085565316913
43.22799 (-14.5029, 0, 9.5) 58.4758322934756
43.30116 (-14.42864, 0, 9.5) 58.3408336022274
43.38037 (-14.35698, 0, 9.5) 58.209475401869
43.47016 (-14.29047, 0, 9.5) 58.0867505607688
43.55856 (-14.21607, 0, 9.5) 57.948685114531
43.65134 (-14.14636, 0, 9.5) 57.8180440840477
43.74506 (-14.07341, 0, 9.5) 57.6804840718171
43.81435 (-14.00215, 0, 9.5) 57.5450482484546
43.85687 (-13.92807, 0, 9.5) 57.4031647264057
43.86304 (-13.83105, 0, 9.5) 57.2146036907726
43.82835 (-13.78679, 0, 9.5) 57.1290009284446
43.75863 (-13.71829, 0, 9.5) 56.9943505768501
43.65359 (-13.64511, 0, 9.5) 56.8499808659009
43.51299 (-13.57686, 0, 9.5) 56.7137151745401
43.32581 (-13.5016, 0, 9.5) 56.5628841045258
43.12525 (-13.42891, 0, 9.5) 56.4156115631298
42.90065 (-13.35239, 0, 9.5) 56.2590567944934
42.63484 (-13.28868, 0, 9.5) 56.1276678582832
42.37224 (-13.2177, 0, 9.5) 55.9804704489693
42.10648 (-13.14717, 0, 9.5) 55.8331159453019
41.84142 (-13.04132, 0, 9.5) 55.6105098311702
41.55776 (-13.00294, 0, 9.5) 55.5284587672712
41.29525 (-12.93013, 0, 9.5) 55.3727714326741
41.03794 (-12.85846, 0, 9.5) 55.2189487397524
40.75946 (-12.79047, 0, 9.5) 55.0717103493028
40.48938 (-12.71657, 0, 9.5) 54.9110130708641
40.20276 (-12.64607, 0, 9.5) 54.7562853778618
39.9008 (-12.57398, 0, 9.5) 54.5969234014287
39.56735 (-12.50417, 0, 9.5) 54.4415980668639
39.2546 (-12.42804, 0, 9.5) 54.271300957383
38.94378 (-12.35989, 0, 9.5) 54.1173211701076
38.61137 (-12.25117, 0, 9.5) 53.8697404688497
38.29222 (-12.21749, 0, 9.5) 53.7925422544388
37.96327 (-12.14536, 0, 9.5) 53.6259061264155
37.66064 (-12.07482, 0, 9.5) 53.4619918288228
37.3306 (-12.0023, 0, 9.5) 53.292172832592
37.05568 (-11.92886, 0, 9.5) 53.1186484586733
36.7865 (-11.8608, 0, 9.5) 52.9573364631988
36.5162 (-11.7892, 0, 9.5) 52.785717712091
36.27003 (-11.71619, 0, 9.5) 52.6092324511165
36.08674 (-11.64741, 0, 9.5) 52.4404106625215
35.89028 (-11.57523, 0, 9.5) 52.2633687411202
35.67244 (-11.4639, 0, 9.5) 51.9878798864375
35.47712 (-11.43113, 0, 9.5) 51.9065767282654
35.25281 (-11.35953, 0, 9.5) 51.7274959953621
35.01338 (-11.2902, 0, 9.5) 51.5527251118985
34.79733 (-11.21739, 0, 9.5) 51.3675176992051
34.57513 (-11.14744, 0, 9.5) 51.1878905511589
34.33691 (-11.07233, 0, 9.5) 50.9935272697269
34.07971 (-11.00324, 0, 9.5) 50.8126604423251
33.82124 (-10.92829, 0, 9.5) 50.6159168399268
33.57477 (-10.86034, 0, 9.5) 50.4352890691501
33.32156 (-10.78267, 0, 9.5) 50.227668390313
33.09616 (-10.6836, 0, 9.5) 49.9605704231689
32.81535 (-10.64499, 0, 9.5) 49.8550132628403
32.53933 (-10.576, 0, 9.5) 49.6662097554876
32.24242 (-10.50286, 0, 9.5) 49.4649343224977
31.97196 (-10.4283, 0, 9.5) 49.2579659267374
31.69787 (-10.35942, 0, 9.5) 49.0651804190307
31.38975 (-10.29037, 0, 9.5) 48.8698233450575
31.11321 (-10.21883, 0, 9.5) 48.666352006212
30.82515 (-10.14638, 0, 9.5) 48.4591343085428
30.55127 (-10.07396, 0, 9.5) 48.2501714975109
30.25296 (-10.00129, 0, 9.5) 48.0389103277841
29.97592 (-9.897511, 0, 9.5) 47.7347483384767
29.69867 (-9.859685, 0, 9.5) 47.6225454039723
29.40961 (-9.787499, 0, 9.5) 47.4074524980558
29.15457 (-9.717001, 0, 9.5) 47.1961947434236
28.91951 (-9.646857, 0, 9.5) 46.9837143849092
28.69632 (-9.573724, 0, 9.5) 46.7610331386953
28.45606 (-9.50447, 0, 9.5) 46.5482044405272
28.21967 (-9.427834, 0, 9.5) 46.3107973062116
27.96827 (-9.360174, 0, 9.5) 46.0996420044187
27.68927 (-9.288028, 0, 9.5) 45.8726372483865
27.42265 (-9.217301, 0, 9.5) 45.6481562472956
27.14233 (-9.111043, 0, 9.5) 45.308460198225
26.83809 (-9.075701, 0, 9.5) 45.1929412068221
26.48523 (-9.003472, 0, 9.5) 44.9580988085835
26.14664 (-8.930355, 0, 9.5) 44.7187484854159
25.81512 (-8.860356, 0, 9.5) 44.4879154082886
25.47182 (-8.787245, 0, 9.5) 44.245146575383
25.16301 (-8.71802, 0, 9.5) 44.0135382717717
24.8641 (-8.646437, 0, 9.5) 43.7724120993895
24.5772 (-8.575089, 0, 9.5) 43.5303023797502
24.28787 (-8.503825, 0, 9.5) 43.2869324901874
24.03616 (-8.426814, 0, 9.5) 43.021675259056
23.79745 (-8.319902, 0, 9.5) 42.6503656788727
23.55038 (-8.288578, 0, 9.5) 42.5403893860758
23.32555 (-8.212912, 0, 9.5) 42.2735919472602
23.10774 (-8.146708, 0, 9.5) 42.0387666244949
22.89574 (-8.074135, 0, 9.5) 41.7793560353928
22.66999 (-8.003675, 0, 9.5) 41.5255359562216
22.45527 (-7.930961, 0, 9.5) 41.2618291780583
22.23639 (-7.860987, 0, 9.5) 41.0055263250815
22.00059 (-7.788197, 0, 9.5) 40.7369359615782
21.78092 (-7.718512, 0, 9.5) 40.4781230140387
21.5586 (-7.645872, 0, 9.5) 40.2059365558761
21.32841 (-7.536271, 0, 9.5) 39.7920065945449
21.06592 (-7.5041, 0, 9.5) 39.6687797345321
20.80777 (-7.430132, 0, 9.5) 39.3852893131003
20.54439 (-7.360269, 0, 9.5) 39.1156436853523
20.26129 (-7.288403, 0, 9.5) 38.8362445473031
19.99584 (-7.218139, 0, 9.5) 38.5610903718956
19.72679 (-7.146084, 0, 9.5) 38.2766642145315
19.45116 (-7.075171, 0, 9.5) 37.9946900951213
19.14826 (-7.001409, 0, 9.5) 37.6991068235577
18.86249 (-6.931293, 0, 9.5) 37.4160432889564
18.58214 (-6.860045, 0, 9.5) 37.1264705839649
18.2904 (-6.752479, 0, 9.5) 36.6858209221449
18.02502 (-6.714735, 0, 9.5) 36.5298159837461
17.76063 (-6.647348, 0, 9.5) 36.2500036192451
17.49232 (-6.575794, 0, 9.5) 35.9509813473757
17.20341 (-6.505116, 0, 9.5) 35.6535061133798
16.93645 (-6.429682, 0, 9.5) 35.3339318019473
16.67102 (-6.359591, 0, 9.5) 35.0343870205975
16.38233 (-6.290833, 0, 9.5) 34.7388310697911
16.10705 (-6.216533, 0, 9.5) 34.4171837959101
15.83045 (-6.14664, 0, 9.5) 34.1122192593615
15.55839 (-6.072258, 0, 9.5) 33.7856884001407
15.2732 (-5.975482, 0, 9.5) 33.3569335129631
15.01098 (-5.928582, 0, 9.5) 33.1475779660473
14.75099 (-5.860204, 0, 9.5) 32.8407761085806
14.47958 (-5.787095, 0, 9.5) 32.51060475847
14.23783 (-5.718266, 0, 9.5) 32.1976898815919
14.00615 (-5.645257, 0, 9.5) 31.8635228707488
13.77952 (-5.572011, 0, 9.5) 31.5257256142998
13.53448 (-5.501408, 0, 9.5) 31.1977638304235
13.30005 (-5.430487, 0, 9.5) 30.8663698764307
13.05695 (-5.358523, 0, 9.5) 30.5277222614155
12.78835 (-5.288748, 0, 9.5) 30.197168420705
12.52613 (-5.174595, 0, 9.5) 29.6518017118386
12.25467 (-5.148617, 0, 9.5) 29.5268946252613
11.976 (-5.073956, 0, 9.5) 29.1662708762168
11.67099 (-5.003548, 0, 9.5) 28.8237778646334
11.37868 (-4.930552, 0, 9.5) 28.4667843611947
11.07884 (-4.860994, 0, 9.5) 28.1243237930104
10.75598 (-4.788723, 0, 9.5) 27.7661606196563
10.45589 (-4.718579, 0, 9.5) 27.416362720631
10.15304 (-4.647146, 0, 9.5) 27.0578802359278
9.84073 (-4.575823, 0, 9.5) 26.6976270246521
9.494072 (-4.50349, 0, 9.5) 26.330379699547
9.165597 (-4.390556, 0, 9.5) 25.7524517708045
8.839891 (-4.360581, 0, 9.5) 25.5980092382049
8.4935 (-4.288814, 0, 9.5) 25.2270650731485
8.167459 (-4.218784, 0, 9.5) 24.8629015785062
7.839245 (-4.145548, 0, 9.5) 24.4798799312439
7.514836 (-4.075143, 0, 9.5) 24.1097024549349
7.176108 (-4.001873, 0, 9.5) 23.7221421468917
6.869127 (-3.929616, 0, 9.5) 23.3377134806363
6.568682 (-3.858387, 0, 9.5) 22.9567733335591
6.276823 (-3.7894, 0, 9.5) 22.5858155081241
5.9776 (-3.715832, 0, 9.5) 22.1881823784305
5.707053 (-3.605189, 0, 9.5) 21.5859594663958
5.4392 (-3.574756, 0, 9.5) 21.4194923855574
5.153014 (-3.504524, 0, 9.5) 21.0338274550411
4.891887 (-3.428938, 0, 9.5) 20.6167573141855
4.641103 (-3.361254, 0, 9.5) 20.24140084685
4.383918 (-3.290637, 0, 9.5) 19.8480536609337
4.234801 (-3.217528, 0, 9.5) 19.438676020762
3.92386 (-3.147698, 0, 9.5) 19.0458428065896
3.686049 (-3.075734, 0, 9.5) 18.6389479402236
3.418561 (-3.004377, 0, 9.5) 18.2337042721175
3.162917 (-2.925935, 0, 9.5) 17.7861253832663
2.903466 (-2.825474, 0, 9.5) 17.2096454546525
2.617858 (-2.789307, 0, 9.5) 17.0012324738582
2.34151 (-2.718026, 0, 9.5) 16.5893925504487
2.052617 (-2.647098, 0, 9.5) 16.1778855987669
1.752677 (-2.576691, 0, 9.5) 15.7677481000371
1.429987 (-2.501473, 0, 9.5) 15.3278685420591
1.138492 (-2.429646, 0, 9.5) 14.906097523427
0.8681804 (-2.356563, 0, 9.5) 14.4753345605992
0.6318005 (-2.290003, 0, 9.5) 14.0817269737164
0.53008 (-2.215987, 0, 9.5) 13.6423246752148
0.6084505 (-2.146519, 0, 9.5) 13.2283784921841
0.8180492 (-2.03807, 0, 9.5) 12.5800287505765
1.104467 (-2.003987, 0, 9.5) 12.3754654352188
1.385221 (-1.92789, 0, 9.5) 11.9179827719021
1.664481 (-1.860676, 0, 9.5) 11.5127621556849
1.956948 (-1.790136, 0, 9.5) 11.0863858819264
2.22695 (-1.717692, 0, 9.5) 10.6471022579637
2.491279 (-1.646973, 0, 9.5) 10.2173672386235
2.74381 (-1.57647, 0, 9.5) 9.78779699759984
2.993102 (-1.503319, 0, 9.5) 9.34089771258263
3.207294 (-1.431246, 0, 9.5) 8.89975883845494
3.380551 (-1.359688, 0, 9.5) 8.4604641154346
3.615793 (-1.245516, 0, 9.5) 7.75792792089604
3.803747 (-1.218507, 0, 9.5) 7.59145400986829
3.984379 (-1.146481, 0, 9.5) 7.14682448212835
4.154259 (-1.07592, 0, 9.5) 6.71045692210413
4.326807 (-1.001958, 0, 9.5) 6.25234929646773
4.483841 (-0.9297575, 0, 9.5) 5.80447756325085
4.637809 (-0.8598123, 0, 9.5) 5.36994647037103
4.797018 (-0.7892832, 0, 9.5) 4.93137489364141
4.937727 (-0.7168145, 0, 9.5) 4.48012733936967
5.069718 (-0.646823, 0, 9.5) 4.04384857180616
5.197236 (-0.5735108, 0, 9.5) 3.58648629057566
5.340967 (-0.4685021, 0, 9.5) 2.93077808722891
5.482121 (-0.4286442, 0, 9.5) 2.68168257805332
5.622425 (-0.3611822, 0, 9.5) 2.25992714079053
5.766296 (-0.2857379, 0, 9.5) 1.78805038716104
5.902758 (-0.2185063, 0, 9.5) 1.36744882500085
6.052848 (-0.1467252, 0, 9.5) 0.918345203113117
6.222363 (-0.07506116, 0, 9.5) 0.46980587225433
6.418846 (-0.003419049, 0, 9.5) 0.0197823409300764

0 (0.08049971, 0, 9.5) 0.503966210197215
0.01978234 (0.1424102, 0, 9.5) 0.891312701299257
0.01978234 (0.2154908, 0, 9.5) 1.34828149959384
0.03426402 (0.2847594, 0, 9.5) 1.78125157405655
0.04845664 (0.3587592, 0, 9.5) 2.24367363816618
0.05934703 (0.4306597, 0, 9.5) 2.69253638915985
0.0656106 (0.5014144, 0, 9.5) 3.13387846141882
0.07401875 (0.5703416, 0, 9.5) 3.5634282118746
0.08156469 (0.6424239, 0, 9.5) 4.01210099822874
0.08846933 (0.7132614, 0, 9.5) 4.45249879681885
0.09691329 (0.7892348, 0, 9.5) 4.92417928922806
0.1046783 (0.860193, 0, 9.5) 5.36395852880091
0.1170339 (0.961102, 0, 9.5) 5.988280945159
0.1356209 (1.000716, 0, 9.5) 6.23294003294958
0.1643245 (1.071049, 0, 9.5) 6.66668053141948
0.2046302 (1.144303, 0, 9.5) 7.11761347009721
0.2525642 (1.213768, 0, 9.5) 7.54428643020288
0.3121605 (1.286528, 0, 9.5) 7.99023461136195
0.3881583 (1.357048, 0, 9.5) 8.42156447990053
0.4718838 (1.437737, 0, 9.5) 8.91398612273876
0.5685511 (1.499981, 0, 9.5) 9.29282342528943
0.6812752 (1.573646, 0, 9.5) 9.7400505593924
0.8211529 (1.642517, 0, 9.5) 10.1568329785244
0.9721684 (1.749563, 0, 9.5) 10.8025215076312
1.14415 (1.785174, 0, 9.5) 11.0165309747722
1.350891 (1.859461, 0, 9.5) 11.4622102172281
1.560723 (1.929641, 0, 9.5) 11.8817622781157
1.789254 (1.999561, 0, 9.5) 12.2984396830874
2.037016 (2.070813, 0, 9.5) 12.7218029895969
2.317818 (2.142576, 0, 9.5) 13.1464956216963
2.58997 (2.214309, 0, 9.5) 13.5696079187495
2.866145 (2.285704, 0, 9.5) 13.9890131305675
3.16335 (2.357927, 0, 9.5) 14.411789894572
3.443726 (2.430854, 0, 9.5) 14.8370784606867
3.727726 (2.540941, 0, 9.5) 15.4758582533302
4.015419 (2.570209, 0, 9.5) 15.6449105608136
4.324226 (2.64438, 0, 9.5) 16.0721013346446
4.605386 (2.713665, 0, 9.5) 16.46954834168
4.878332 (2.787355, 0, 9.5) 16.8902606809727
5.148754 (2.856493, 0, 9.5) 17.2833653951693
5.440857 (2.93227, 0, 9.5) 17.7121322351781
5.718923 (2.998583, 0, 9.5) 18.0857128532991
5.999793 (3.072876, 0, 9.5) 18.5022041356127
6.301794 (3.143838, 0, 9.5) 18.8979060292855
6.583652 (3.213648, 0, 9.5) 19.2853365637323
6.872724 (3.327316, 0, 9.5) 19.9122267043753
7.197183 (3.356984, 0, 9.5) 20.0749935301678
7.515202 (3.4308, 0, 9.5) 20.4787772453138
7.844452 (3.500319, 0, 9.5) 20.8571116751782
8.176589 (3.571957, 0, 9.5) 21.2447539454929
8.534881 (3.642378, 0, 9.5) 21.6239216584503
8.873828 (3.71493, 0, 9.5) 22.0124211175204
9.21661 (3.785093, 0, 9.5) 22.3861280941433
9.584044 (3.859159, 0, 9.5) 22.7784370912879
9.924105 (3.929404, 0, 9.5) 23.1480715675487
10.26196 (4.007518, 0, 9.5) 23.5571452642971
10.59916 (4.102507, 0, 9.5) 24.0511796855806
10.9586 (4.144708, 0, 9.5) 24.2695305917869
11.28832 (4.213631, 0, 9.5) 24.6243589252217
11.60981 (4.287394, 0, 9.5) 25.0017900625531
11.94629 (4.35874, 0, 9.5) 25.3647497363335
12.25482 (4.432011, 0, 9.5) 25.7352875051274
12.56063 (4.50008, 0, 9.5) 26.077266544967
12.86357 (4.571361, 0, 9.5) 26.432859859602
13.1844 (4.642291, 0, 9.5) 26.7854017871732
13.48031 (4.71356, 0, 9.5) 27.1366698844425
13.77641 (4.785995, 0, 9.5) 27.4912745291782
14.07288 (4.888077, 0, 9.5) 27.9877370827531
14.38561 (4.930676, 0, 9.5) 28.1941266199713
14.67306 (4.99899, 0, 9.5) 28.5225545642665
14.95641 (5.074377, 0, 9.5) 28.8817593414867
15.2564 (5.144811, 0, 9.5) 29.2159741636548
15.53636 (5.215182, 0, 9.5) 29.5474466648244
15.81528 (5.286447, 0, 9.5) 29.880537920855
16.10507 (5.358765, 0, 9.5) 30.2167266677269
16.36712 (5.430835, 0, 9.5) 30.5491963765324
16.62736 (5.502709, 0, 9.5) 30.8787495945125
16.89063 (5.571643, 0, 9.5) 31.1927470563925
17.17333 (5.678733, 0, 9.5) 31.6762117597551
17.43331 (5.714463, 0, 9.5) 31.8365606985402
17.68904 (5.787176, 0, 9.5) 32.1610425009751
17.96531 (5.855897, 0, 9.5) 32.4659899620505
18.2309 (5.930198, 0, 9.5) 32.793432651541
18.50455 (6.000295, 0, 9.5) 33.1001115656006
18.78487 (6.070797, 0, 9.5) 33.4064387249119
19.08597 (6.142881, 0, 9.5) 33.7176323940898
19.3652 (6.213962, 0, 9.5) 34.0219412324669
19.64561 (6.286968, 0, 9.5) 34.3323152789304
19.9541 (6.357367, 0, 9.5) 34.629937361996
20.2457 (6.467036, 0, 9.5) 35.0880688932949
20.53601 (6.501066, 0, 9.5) 35.2303144153761
20.81613 (6.577841, 0, 9.5) 35.5473205756368
21.10277 (6.641855, 0, 9.5) 35.8102145612751
21.36196 (6.715106, 0, 9.5) 36.108772380273
21.61481 (6.785295, 0, 9.5) 36.3925530847494
21.86177 (6.85811, 0, 9.5) 36.684786148468
22.12218 (6.930866, 0, 9.5) 36.9747720799112
22.3569 (6.999436, 0, 9.5) 37.2458008209898
22.58991 (7.071135, 0, 9.5) 37.527573449816
22.7838 (7.144687, 0, 9.5) 37.8146360602446
22.95665 (7.257945, 0, 9.5) 38.2510202688553
23.11777 (7.283844, 0, 9.5) 38.3510722966189
23.27869 (7.357461, 0, 9.5) 38.6313286234235
23.41469 (7.429753, 0, 9.5) 38.9044713080862
23.53653 (7.501182, 0, 9.5) 39.1724776904055
23.65688 (7.571424, 0, 9.5) 39.4341319966882
23.8016 (7.64451, 0, 9.5) 39.7042386622131
23.95337 (7.714971, 0, 9.5) 39.9622046662811
24.11681 (7.787748, 0, 9.5) 40.2265500671428
24.29993 (7.856773, 0, 9.5) 40.4752031081187
24.48258 (7.934428, 0, 9.5) 40.7525190384355
24.67946 (8.031694, 0, 9.5) 41.0971430690763
24.8872 (8.071823, 0, 9.5) 41.2388251005413
25.1178 (8.142427, 0, 9.5) 41.4857432734384
25.33097 (8.214092, 0, 9.5) 41.7344816917803
25.54358 (8.284691, 0, 9.5) 41.977718392652
25.76841 (8.356564, 0, 9.5) 42.2237008296168
25.97028 (8.430523, 0, 9.5) 42.4748024934519
26.15515 (8.500284, 0, 9.5) 42.7100171370066
26.31885 (8.571997, 0, 9.5) 42.9498216677618
26.47894 (8.642963, 0, 9.5) 43.1857261604343
26.63267 (8.717865, 0, 9.5) 43.4322037861225
26.80432 (8.816155, 0, 9.5) 43.7522152296693
27.00281 (8.859101, 0, 9.5) 43.8912369024072
27.19147 (8.930658, 0, 9.5) 44.1211683945487
27.38623 (9.00095, 0, 9.5) 44.3452805654181
27.59333 (9.070999, 0, 9.5) 44.5670294907944
27.83217 (9.149231, 0, 9.5) 44.8121683993823
28.06165 (9.213163, 0, 9.5) 45.0112820774631
28.28491 (9.286772, 0, 9.5) 45.2387034750418
28.51388 (9.357033, 0, 9.5) 45.4543427961012
28.72787 (9.431039, 0, 9.5) 45.6794931557422
28.95209 (9.50045, 0, 9.5) 45.8889409102134
29.18316 (9.614896, 0, 9.5) 46.2304537896342
29.42953 (9.640714, 0, 9.5) 46.3074129474201
29.65494 (9.71522, 0, 9.5) 46.5271435518622
29.8798 (9.785396, 0, 9.5) 46.7325990606955
30.12528 (9.856448, 0, 9.5) 46.9390756828271
30.35924 (9.930034, 0, 9.5) 47.1512760035808
30.59471 (9.999383, 0, 9.5) 47.3494778513918
30.82461 (10.07149, 0, 9.5) 47.5540795865642
31.06057 (10.14291, 0, 9.5) 47.7550818119827
31.27245 (10.21664, 0, 9.5) 47.961005188782
31.47571 (10.28548, 0, 9.5) 48.1519089793404
31.67684 (10.39006, 0, 9.5) 48.4389067029708
31.84369 (10.43202, 0, 9.5) 48.5535172791987
31.99619 (10.50274, 0, 9.5) 48.7450562773606
32.14638 (10.57025, 0, 9.5) 48.9267632180446
32.30742 (10.64376, 0, 9.5) 49.1230048015304
32.45086 (10.7134, 0, 9.5) 49.3075701764308
32.57986 (10.78673, 0, 9.5) 49.4998434199411
32.69891 (10.85652, 0, 9.5) 49.6819191908466
32.82528 (10.93076, 0, 9.5) 49.873885075839
32.94336 (10.9985, 0, 9.5) 50.048191506431
33.06019 (11.07241, 0, 9.5) 50.2366295986569
33.18656 (11.18385, 0, 9.5) 50.5178011708259
33.30558 (11.21312, 0, 9.5) 50.5911642339525
33.42435 (11.28579, 0, 9.5) 50.7720003255025
33.54919 (11.35729, 0, 9.5) 50.9488988129288
33.66661 (11.43068, 0, 9.5) 51.1287411119376
33.79395 (11.49965, 0, 9.5) 51.2965383721396
33.93484 (11.57418, 0, 9.5) 51.4762782183091
34.0933 (11.64257, 0, 9.5) 51.6402095913749
34.23997 (11.71665, 0, 9.5) 51.8161791730583
34.38179 (11.79029, 0, 9.5) 51.9900313960628
34.53243 (11.85829, 0, 9.5) 52.1495163159031
34.76908 (12.01911, 0, 9.5) 52.521413292365
34.82109 (12.0443, 0, 9.5) 52.5791113163629
34.96383 (12.06948, 0, 9.5) 52.6371030385001
35.11038 (12.14306, 0, 9.5) 52.80463392132
35.24046 (12.21336, 0, 9.5) 52.9636270675317
35.36421 (12.28475, 0, 9.5) 53.1238633081935
35.49326 (12.35574, 0, 9.5) 53.2819651147033
35.61251 (12.43085, 0, 9.5) 53.4481846011801
35.72781 (12.50241, 0, 9.5) 53.6050433132398
35.83931 (12.5698, 0, 9.5) 53.7518343262911
35.9537 (12.64374, 0, 9.5) 53.9121627745083
36.05145 (12.7472, 0, 9.5) 54.1336692281649
36.13948 (12.7858, 0, 9.5) 54.2159081222693
36.22778 (12.85651, 0, 9.5) 54.3654858525495
36.31261 (12.93236, 0, 9.5) 54.5246292629255
36.40095 (13.00016, 0, 9.5) 54.6658980679386
36.49295 (13.07279, 0, 9.5) 54.8163124964064
36.59794 (13.14276, 0, 9.5) 54.9600709054146
36.70072 (13.21404, 0, 9.5) 55.105434408905
36.80239 (13.28515, 0, 9.5) 55.2494216292542
36.91168 (13.35931, 0, 9.5) 55.3983778123093
37.01665 (13.42953, 0, 9.5) 55.5384991455223
37.12368 (13.53178, 0, 9.5) 55.740542974807
37.22932 (13.57035, 0, 9.5) 55.8165527362821
37.3428 (13.64253, 0, 9.5) 55.9577668997809
37.44971 (13.71369, 0, 9.5) 56.0962080064295
37.55942 (13.78733, 0, 9.5) 56.2380198114909
37.68253 (13.85811, 0, 9.5) 56.373517106557
37.79914 (13.93227, 0, 9.5) 56.5144307417272
37.91325 (14.001, 0, 9.5) 56.6443580174301
38.02229 (14.07184, 0, 9.5) 56.7774545009619
38.14046 (14.14332, 0, 9.5) 56.9105441543045
38.25993 (14.21355, 0, 9.5) 57.0400991846913
38.38751 (14.32763, 0, 9.5) 57.2484643541606
38.51303 (14.35525, 0, 9.5) 57.2990384907326
38.63963 (14.43282, 0, 9.5) 57.4396789183314
38.74917 (14.50083, 0, 9.5) 57.5621305518602
38.85464 (14.57119, 0, 9.5) 57.6876899215144
38.96825 (14.643, 0, 9.5) 57.8153461592795
39.0808 (14.71523, 0, 9.5) 57.9421896045195
39.2 (14.78549, 0, 9.5) 58.0653515777341
39.32832 (14.85951, 0, 9.5) 58.19386158916
39.44895 (14.9321, 0, 9.5) 58.318724279507
39.57441 (14.93024, 0, 9.5) 58.3160263547388
39.70823 (14.82338, 0, 9.5) 58.1332368290529
39.86374 (14.78738, 0, 9.5) 58.0716285216884
40.01701 (14.71918, 0, 9.5) 57.9540946244459
40.17258 (14.64525, 0, 9.5) 57.8258168394557
40.34188 (14.57582, 0, 9.5) 57.704130187127
40.51065 (14.50228, 0, 9.5) 57.574663949201
40.69073 (14.43239, 0, 9.5) 57.4503886551327
40.8716 (14.36203, 0, 9.5) 57.3246517005571
41.05491 (14.28971, 0, 9.5) 57.1945297644596
41.21592 (14.21647, 0, 9.5) 57.0617303941617
41.3808 (14.14575, 0, 9.5) 56.9323529486963
41.56514 (14.04374, 0, 9.5) 56.7442290451776
41.72618 (14.00202, 0, 9.5) 56.6671776798364
41.85902 (13.93259, 0, 9.5) 56.5384661778265
41.95596 (13.85977, 0, 9.5) 56.4018999581371
42.02158 (13.78907, 0, 9.5) 56.2682809651248
42.05071 (13.71559, 0, 9.5) 56.128473820619
42.04648 (13.64768, 0, 9.5) 55.9989222053269
41.99699 (13.574, 0, 9.5) 55.8571957776315
41.90458 (13.50015, 0, 9.5) 55.7125733496787
41.7729 (13.4309, 0, 9.5) 55.5759661488536
41.61293 (13.36186, 0, 9.5) 55.4399292688339
41.41396 (13.2529, 0, 9.5) 55.2219506079438
41.19888 (13.21915, 0, 9.5) 55.1548542434876
40.9525 (13.14736, 0, 9.5) 55.0094531739561
40.67973 (13.07419, 0, 9.5) 54.8605413871313
40.36682 (12.99746, 0, 9.5) 54.7021834485233
40.05733 (12.93234, 0, 9.5) 54.5681136630181
39.72989 (12.86109, 0, 9.5) 54.4180748949611
39.3592 (12.78818, 0, 9.5) 54.2644673530018
38.99469 (12.71753, 0, 9.5) 54.1129737546267
38.61614 (12.64645, 0, 9.5) 53.9592296088817
38.20283 (12.57583, 0, 9.5) 53.8060421235636
37.82115 (12.4608, 0, 9.5) 53.5518224783192
37.44697 (12.43359, 0, 9.5) 53.4896711709065
37.07556 (12.3597, 0, 9.5) 53.3240424958029
36.70296 (12.28937, 0, 9.5) 53.1654455005699
36.30687 (12.21731, 0, 9.5) 53.0006296179914
35.95507 (12.14683, 0, 9.5) 52.8388360941723
35.60649 (12.07635, 0, 9.5) 52.6748090984564
35.30033 (12.00335, 0, 9.5) 52.5052872154595
35.00291 (11.93182, 0, 9.5) 52.3383881251487
34.7145 (11.861, 0, 9.5) 52.1718237141129
34.42636 (11.78772, 0, 9.5) 51.9981695665977
34.18307 (11.68317, 0, 9.5) 51.7491716010628
33.95882 (11.64809, 0, 9.5) 51.6633810085295
33.7286 (11.57437, 0, 9.5) 51.4848022945387
33.50637 (11.50139, 0, 9.5) 51.3069817315587
33.26958 (11.43086, 0, 9.5) 51.133638357656
33.01907 (11.36238, 0, 9.5) 50.9646867954646
32.74592 (11.28763, 0, 9.5) 50.7788749110194
32.49339 (11.21895, 0, 9.5) 50.6067712164722
32.23745 (11.13912, 0, 9.5) 50.4054513872519
31.95221 (11.07406, 0, 9.5) 50.2404989008877
31.66978 (11.00304, 0, 9.5) 50.0589319790841
31.37581 (10.88905, 0, 9.5) 49.764827443501
31.08074 (10.85884, 0, 9.5) 49.6858260591185
30.77256 (10.78759, 0, 9.5) 49.4993721368803
30.49449 (10.71823, 0, 9.5) 49.3169924225516
30.22283 (10.646, 0, 9.5) 49.1251084998306
29.9533 (10.57671, 0, 9.5) 48.9400445211123
29.66885 (10.49893, 0, 9.5) 48.729831785441
29.41351 (10.42874, 0, 9.5) 48.5385694099451
29.17536 (10.3591, 0, 9.5) 48.3476143929671
28.93547 (10.28985, 0, 9.5) 48.1560856400891
28.72355 (10.21778, 0, 9.5) 47.955424924135
28.52155 (10.11191, 0, 9.5) 47.658533671323
28.32435 (10.07465, 0, 9.5) 47.552071510914
28.11492 (10.00212, 0, 9.5) 47.3454241340502
27.92359 (9.932076, 0, 9.5) 47.1444287388211
27.73678 (9.860314, 0, 9.5) 46.9371803053001
27.5402 (9.787087, 0, 9.5) 46.7238461731248
27.35372 (9.718435, 0, 9.5) 46.522703928826
27.15867 (9.644608, 0, 9.5) 46.3046125698127
26.95389 (9.576821, 0, 9.5) 46.1026814386512
26.73389 (9.500345, 0, 9.5) 45.8729548521883
26.53259 (9.431752, 0, 9.5) 45.6654297960012
26.31501 (9.325033, 0, 9.5) 45.3399029746055
26.09887 (9.289406, 0, 9.5) 45.2294075874228
25.86993 (9.217273, 0, 9.5) 45.0059169637785
25.63644 (9.146934, 0, 9.5) 44.7862273404721
25.4064 (9.073438, 0, 9.5) 44.5550800746376
25.16281 (9.002956, 0, 9.5) 44.3316645830754
24.93398 (8.932904, 0, 9.5) 44.1080578462132
24.69515 (8.860454, 0, 9.5) 43.8748102971731
24.42494 (8.788656, 0, 9.5) 43.6419588991116
24.16436 (8.713797, 0, 9.5) 43.3973220094362
23.90556 (8.647015, 0, 9.5) 43.1771440275958
23.65562 (8.531967, 0, 9.5) 42.7950768992863
23.40848 (8.505068, 0, 9.5) 42.7038836270273
23.20203 (8.431288, 0, 9.5) 42.4553364539853
23.01622 (8.361739, 0, 9.5) 42.2189026216431
22.83573 (8.287473, 0, 9.5) 41.9645634480861
22.68149 (8.219238, 0, 9.5) 41.7290892573386
22.53362 (8.144506, 0, 9.5) 41.4692995927311
22.38481 (8.076589, 0, 9.5) 41.2313153074207
22.21525 (7.998639, 0, 9.5) 40.9561440565399
22.0431 (7.931038, 0, 9.5) 40.7161926767151
21.85974 (7.858658, 0, 9.5) 40.4571850687808
21.64781 (7.760149, 0, 9.5) 40.1019810749352
21.43081 (7.714539, 0, 9.5) 39.9357206073226
21.19411 (7.643381, 0, 9.5) 39.6750874143382
20.94223 (7.575983, 0, 9.5) 39.4263968073213
20.6596 (7.501982, 0, 9.5) 39.151000160194
20.3871 (7.432664, 0, 9.5) 38.8911114578418
20.10692 (7.362533, 0, 9.5) 38.6263972267586
19.79923 (7.289608, 0, 9.5) 38.3487056360311
19.50332 (7.219195, 0, 9.5) 38.0787082535348
19.20156 (7.146487, 0, 9.5) 37.7975947379748
18.89774 (7.073125, 0, 9.5) 37.5121167314606
18.56948 (6.970835, 0, 9.5) 37.1106382051988
18.25631 (6.930732, 0, 9.5) 36.9513889268888
17.93002 (6.860865, 0, 9.5) 36.672867468163
17.5663 (6.785482, 0, 9.5) 36.3703003280539
17.22203 (6.719681, 0, 9.5) 36.1041620025046
16.8813 (6.644772, 0, 9.5) 35.7987910696934
16.54513 (6.575883, 0, 9.5) 35.5161168558814
16.18535 (6.502393, 0, 9.5) 35.2118148476935
15.84908 (6.432392, 0, 9.5) 34.920500444434
15.51218 (6.36138, 0, 9.5) 34.6227690783398
15.15512 (6.289862, 0, 9.5) 34.3205741835469
14.82986 (6.187068, 0, 9.5) 33.8832781446665
14.51535 (6.145937, 0, 9.5) 33.7061849968456
14.2125 (6.072839, 0, 9.5) 33.3902341008296
13.89766 (6.003778, 0, 9.5) 33.0899004326172
13.60948 (5.932987, 0, 9.5) 32.780595310777
13.3288 (5.859878, 0, 9.5) 32.4591290369122
13.05933 (5.790574, 0, 9.5) 32.1520164058329
12.78517 (5.717192, 0, 9.5) 31.8250859805388
12.53822 (5.647237, 0, 9.5) 31.509889820439
12.29607 (5.574819, 0, 9.5) 31.1822558856484
12.04048 (5.501131, 0, 9.5) 30.846627214298
11.8048 (5.398257, 0, 9.5) 30.374251323242
11.57318 (5.362491, 0, 9.5) 30.2084997047313
11.32971 (5.288166, 0, 9.5) 29.8628955419279
11.10495 (5.218524, 0, 9.5) 29.5368871921875
10.87828 (5.145214, 0, 9.5) 29.1913069350466
10.64657 (5.072139, 0, 9.5) 28.8445621306323
10.39008 (5.001608, 0, 9.5) 28.5078337988067
10.14519 (4.933194, 0, 9.5) 28.179233392232
9.897933 (4.860613, 0, 9.5) 27.8277398987163
9.636536 (4.789515, 0, 9.5) 27.4814475943423
9.39645 (4.718763, 0, 9.5) 27.1346635163396
9.159506 (4.61004, 0, 9.5) 26.598129949768
8.924493 (4.576388, 0, 9.5) 26.4300680197311
8.675729 (4.499991, 0, 9.5) 26.0480555329359
8.45208 (4.432244, 0, 9.5) 25.7077396441876
8.233827 (4.358821, 0, 9.5) 25.3368245074356
7.993551 (4.289977, 0, 9.5) 24.9867004668718
7.762354 (4.215871, 0, 9.5) 24.6073551689929
7.537129 (4.147408, 0, 9.5) 24.2546954206565
7.315474 (4.074442, 0, 9.5) 23.8770969436877
7.124253 (4.001882, 0, 9.5) 23.4994438252046
6.933982 (3.930723, 0, 9.5) 23.1268996883078
6.73438 (3.828214, 0, 9.5) 22.5867307534885
6.51066 (3.787333, 0, 9.5) 22.3699542059128
6.3003 (3.718477, 0, 9.5) 22.0034086827569
6.092587 (3.645801, 0, 9.5) 21.6144584311938
5.887129 (3.576308, 0, 9.5) 21.2407019356987
5.669703 (3.501514, 0, 9.5) 20.8359790695257
5.4711 (3.432851, 0, 9.5) 20.4624684608449
5.280567 (3.362405, 0, 9.5) 20.0773021341466
5.080952 (3.290936, 0, 9.5) 19.6846635803689
4.891927 (3.218974, 0, 9.5) 19.2874368469379
4.698863 (3.146472, 0, 9.5) 18.8851335753197
4.508195 (3.045162, 0, 9.5) 18.3198432043045
4.310571 (3.004362, 0, 9.5) 18.090883306589
4.130953 (2.930668, 0, 9.5) 17.676109816881
3.946303 (2.860454, 0, 9.5) 17.2791460457375
3.738374 (2.788776, 0, 9.5) 16.872126528417
3.542487 (2.716801, 0, 9.5) 16.4615604353094
3.354155 (2.647902, 0, 9.5) 16.0668198907788
3.176258 (2.573798, 0, 9.5) 15.6405153340077
2.993952 (2.499643, 0, 9.5) 15.2120592676115
2.831514 (2.431058, 0, 9.5) 14.8143236850786
2.677299 (2.361342, 0, 9.5) 14.4084687150315
2.524682 (2.257415, 0, 9.5) 13.8005092977697
2.400696 (2.219425, 0, 9.5) 13.5774361694455
2.292259 (2.146775, 0, 9.5) 13.1498287540681
2.214965 (2.072739, 0, 9.5) 12.7123243944145
2.158942 (2.003367, 0, 9.5) 12.3012289616373
2.116831 (1.932045, 0, 9.5) 11.8769341880638
2.084408 (1.862304, 0, 9.5) 11.4606973303011
2.062889 (1.789078, 0, 9.5) 11.0224450649206
2.060991 (1.718009, 0, 9.5) 10.5956299515004
2.087879 (1.645529, 0, 9.5) 10.159079257026
2.16844 (1.575773, 0, 9.5) 9.73736544122914
2.290808 (1.466313, 0, 9.5) 9.07317990576074
2.447606 (1.432812, 0, 9.5) 8.86948743953707
2.637079 (1.359232, 0, 9.5) 8.42114527703307
2.869694 (1.290084, 0, 9.5) 7.99909934328219
3.084388 (1.217561, 0, 9.5) 7.55530694061669
3.333604 (1.14654, 0, 9.5) 7.11981834057627
3.576482 (1.073895, 0, 9.5) 6.67344284569997
3.794367 (1.004621, 0, 9.5) 6.2470477889209
4.005702 (0.9319283, 0, 9.5) 5.79866677971534
4.211986 (0.8625134, 0, 9.5) 5.36980047507504
4.431554 (0.7878408, 0, 9.5) 4.90775994107009
4.626646 (0.6790568, 0, 9.5) 4.2333205839353
4.807746 (0.6479638, 0, 9.5) 4.04040871772674
4.976499 (0.5741858, 0, 9.5) 3.58206118169165
5.150504 (0.5025133, 0, 9.5) 3.13625152530905
5.308214 (0.4295266, 0, 9.5) 2.68168257805332
5.46142 (0.362017, 0, 9.5) 2.26087973875259
5.608325 (0.2883952, 0, 9.5) 1.80167970971718
5.75786 (0.2195545, 0, 9.5) 1.37187788258804
5.887329 (0.1450927, 0, 9.5) 0.906981795852787
6.003941 (0.0760508, 0, 9.5) 0.475189502155163
6.119748 (0.001123361, 0, 9.5) 0.0197823409300764

0 (0, 0.0770559, 9.5) 0.482138899589078
0.01978234 (0, 0.1424699, 9.5) 0.891312701299257
0.02797646 (0, 0.2510772, 9.5) 1.56997450279531
0.04423466 (0, 0.2842742, 9.5) 1.77740201534164
0.05233916 (0, 0.3636792, 9.5) 2.27313928819165
0.07132626 (0, 0.4301453, 9.5) 2.68787969417035
0.08156469 (0, 0.5024091, 9.5) 3.13837293941276
0.09891172 (0, 0.5698187, 9.5) 3.55825967957544
0.1219466 (0, 0.6440513, 9.5) 4.02004920412411
0.1467098 (0, 0.713688, 9.5) 4.45271864353651
0.174713 (0, 0.7925749, 9.5) 4.9421691540351
0.2055842 (0, 0.856225, 9.5) 5.33652592730525
0.2486604 (0, 0.932953, 9.5) 5.81112632563445
0.302612 (0, 1.033193, 9.5) 6.42983389951219
0.3743001 (0, 1.070696, 9.5) 6.66088298137571
0.4639383 (0, 1.143184, 9.5) 7.1067457851687
0.5609285 (0, 1.212834, 9.5) 7.53434338214903
0.680988 (0, 1.285172, 9.5) 7.97727688851175
0.8320423 (0, 1.356073, 9.5) 8.41041078079564
1.024502 (0, 1.42827, 9.5) 8.85030741424685
1.222694 (0, 1.499434, 9.5) 9.28262424513733
1.433268 (0, 1.573158, 9.5) 9.72954828959071
1.649719 (0, 1.642237, 9.5) 10.147203265404
1.892482 (0, 1.715814, 9.5) 10.5907634416338
2.126425 (0, 1.817704, 9.5) 11.2025938686737
2.368273 (0, 1.858558, 9.5) 11.4470770790901
2.632696 (0, 1.927461, 9.5) 11.8580026109089
2.878685 (0, 2.001247, 9.5) 12.2971086499502
3.121924 (0, 2.072953, 9.5) 12.7221914566126
3.380725 (0, 2.144217, 9.5) 13.1431317534727
3.624284 (0, 2.212991, 9.5) 13.5480484262666
3.869739 (0, 2.288041, 9.5) 13.9883488946594
4.11447 (0, 2.356809, 9.5) 14.3897915624275
4.372332 (0, 2.429894, 9.5) 14.8150169492912
4.608192 (0, 2.501029, 9.5) 15.2270190896963
4.845776 (0, 2.602972, 9.5) 15.8148081042212
5.108563 (0, 2.641946, 9.5) 16.0382543316352
5.360231 (0, 2.713238, 9.5) 16.4457297640906
5.613215 (0, 2.78545, 9.5) 16.8569413100857
5.857455 (0, 2.856589, 9.5) 17.2603032610433
6.109777 (0, 2.933692, 9.5) 17.6950960355502
6.338648 (0, 2.999763, 9.5) 18.0658779836111
6.564919 (0, 3.072551, 9.5) 18.4726413688333
6.81325 (0, 3.143485, 9.5) 18.8665964415961
7.05619 (0, 3.216244, 9.5) 19.2692822038143
7.308067 (0, 3.285477, 9.5) 19.6496349546129
7.559643 (0, 3.39398, 9.5) 20.2430691205832
7.826792 (0, 3.427942, 9.5) 20.4271154010979
8.071563 (0, 3.502075, 9.5) 20.8283651160186
8.31444 (0, 3.570849, 9.5) 21.1989882621786
8.549251 (0, 3.642033, 9.5) 21.580778767822
8.786776 (0, 3.71381, 9.5) 21.9633308395709
8.994751 (0, 3.785465, 9.5) 22.3432891469382
9.202378 (0, 3.85718, 9.5) 22.7213350013053
9.42913 (0, 3.927547, 9.5) 23.0898134680293
9.641797 (0, 4.000294, 9.5) 23.4689863036287
9.851275 (0, 4.072322, 9.5) 23.8424559311738
10.07601 (0, 4.181216, 9.5) 24.4031615376304
10.28289 (0, 4.212975, 9.5) 24.5651821652433
10.48849 (0, 4.286097, 9.5) 24.937540179482
10.69036 (0, 4.356241, 9.5) 25.2924658431143
10.90223 (0, 4.431322, 9.5) 25.6701121314081
11.10199 (0, 4.500355, 9.5) 26.0151476809534
11.29874 (0, 4.572347, 9.5) 26.3730649674931
11.51257 (0, 4.6418, 9.5) 26.715878997973
11.71112 (0, 4.715954, 9.5) 27.0797931907063
11.91143 (0, 4.785476, 9.5) 27.4189513623706
12.1186 (0, 4.858927, 9.5) 27.7748452053342
12.34946 (0, 4.967271, 9.5) 28.295819600711
12.56431 (0, 4.999476, 9.5) 28.449319567189
12.7737 (0, 5.070963, 9.5) 28.7892205219382
12.99977 (0, 5.144357, 9.5) 29.1359277603114
13.2172 (0, 5.212604, 9.5) 29.4559904302779
13.43429 (0, 5.284125, 9.5) 29.7893719693531
13.64489 (0, 5.356868, 9.5) 30.125915886068
13.86251 (0, 5.427779, 9.5) 30.4522691603673
14.06459 (0, 5.502255, 9.5) 30.7921086434129
14.26861 (0, 5.574015, 9.5) 31.1175808232943
14.47123 (0, 5.643831, 9.5) 31.4319402852066
14.67915 (0, 5.748712, 9.5) 31.9008157042532
14.86495 (0, 5.787157, 9.5) 32.0709898703269
15.04741 (0, 5.856039, 9.5) 32.37442785957
15.24777 (0, 5.931168, 9.5) 32.7044011341912
15.4398 (0, 5.999516, 9.5) 33.0020641983925
15.63293 (0, 6.072752, 9.5) 33.3175779622942
15.82092 (0, 6.142126, 9.5) 33.6146160641758
16.02341 (0, 6.214993, 9.5) 33.9244368653071
16.21733 (0, 6.286127, 9.5) 34.2245827033141
16.41883 (0, 6.359214, 9.5) 34.5304693154164
16.64149 (0, 6.428689, 9.5) 34.8192804543024
16.85197 (0, 6.537293, 9.5) 35.2669003242893
17.06703 (0, 6.569631, 9.5) 35.398897147346
17.30671 (0, 6.642298, 9.5) 35.693701777331
17.53145 (0, 6.713593, 9.5) 35.9812356708204
17.75065 (0, 6.784719, 9.5) 36.2661604320023
17.97117 (0, 6.85709, 9.5) 36.5540563255239
18.21671 (0, 6.92824, 9.5) 36.8345243881964
18.45099 (0, 6.999811, 9.5) 37.1151358848439
18.6847 (0, 7.071347, 9.5) 37.393233871834
18.91804 (0, 7.144743, 9.5) 37.6765740291015
19.16657 (0, 7.214054, 9.5) 37.9417288073936
19.39833 (0, 7.326547, 9.5) 38.3685917321388
19.62732 (0, 7.355158, 9.5) 38.4753510057818
19.87075 (0, 7.430372, 9.5) 38.7569255591187
20.1011 (0, 7.5009, 9.5) 39.0186345069158
20.33578 (0, 7.572704, 9.5) 39.2832940964847
20.57013 (0, 7.64151, 9.5) 39.5351778169931
20.81223 (0, 7.717158, 9.5) 39.8097514263113
21.03096 (0, 7.784285, 9.5) 40.0513488817542
21.24704 (0, 7.856678, 9.5) 40.3094207537562
21.47717 (0, 7.927469, 9.5) 40.5602048137895
21.69091 (0, 7.999889, 9.5) 40.8153670251554
21.9052 (0, 8.107347, 9.5) 41.1906551905981
22.11848 (0, 8.142193, 9.5) 41.3108426163784
22.34211 (0, 8.217579, 9.5) 41.5703898092662
22.54457 (0, 8.284493, 9.5) 41.7988664710897
22.74268 (0, 8.359564, 9.5) 42.0531441729431
22.95296 (0, 8.42789, 9.5) 42.2827546461881
23.15056 (0, 8.50099, 9.5) 42.526640215042
23.346 (0, 8.569895, 9.5) 42.7548812353351
23.55697 (0, 8.643022, 9.5) 42.9954575774797
23.75369 (0, 8.713469, 9.5) 43.225074880914
23.94616 (0, 8.787803, 9.5) 43.4655316947461
24.12841 (0, 8.886962, 9.5) 43.7835111569801
24.30956 (0, 8.930472, 9.5) 43.9213068107411
24.46583 (0, 8.998545, 9.5) 44.1361948109791
24.61479 (0, 9.072918, 9.5) 44.3700980581907
24.75865 (0, 9.143881, 9.5) 44.5909556438651
24.91875 (0, 9.214226, 9.5) 44.8082239650694
25.0787 (0, 9.284221, 9.5) 45.0223879652429
25.24265 (0, 9.358941, 9.5) 45.2494097967484
25.42117 (0, 9.428454, 9.5) 45.4587277776232
25.58144 (0, 9.499251, 9.5) 45.6707607587394
25.73989 (0, 9.571269, 9.5) 45.8849213438183
25.89983 (0, 9.678404, 9.5) 46.2005990322628
26.07664 (0, 9.713886, 9.5) 46.3041037207108
26.24368 (0, 9.785141, 9.5) 46.5111267579853
26.40654 (0, 9.85638, 9.5) 46.7167632668347
26.57122 (0, 9.927658, 9.5) 46.9206375868481
26.72037 (0, 10.00052, 9.5) 47.1275001146744
26.86761 (0, 10.07098, 9.5) 47.3262620380069
27.01963 (0, 10.1439, 9.5) 47.5306896033525
27.18157 (0, 10.21306, 9.5) 47.722587186452
27.32575 (0, 10.28574, 9.5) 47.9226570910329
27.46623 (0, 10.35626, 9.5) 48.1148517873663
27.62247 (0, 10.46481, 9.5) 48.408720681419
27.77121 (0, 10.50087, 9.5) 48.5050331805483
27.91556 (0, 10.57136, 9.5) 48.6931673293509
28.04559 (0, 10.64123, 9.5) 48.878654779805
28.17196 (0, 10.7136, 9.5) 49.0690497212615
28.28802 (0, 10.78468, 9.5) 49.2542537188602
28.40432 (0, 10.86032, 9.5) 49.4494400381012
28.52477 (0, 10.92812, 9.5) 49.6221072232645
28.62763 (0, 11.00028, 9.5) 49.8062662019024
28.72025 (0, 11.07065, 9.5) 49.983362764818
28.81312 (0, 11.14386, 9.5) 50.1667635924451
28.9207 (0, 11.24911, 9.5) 50.4289404082083
29.03347 (0, 11.28415, 9.5) 50.5148880950952
29.15524 (0, 11.35794, 9.5) 50.6958437149577
29.29607 (0, 11.42955, 9.5) 50.8696515417319
29.43231 (0, 11.50101, 9.5) 51.0419601419577
29.56665 (0, 11.57071, 9.5) 51.2089036284989
29.69393 (0, 11.64416, 9.5) 51.3839340591553
29.83027 (0, 11.71364, 9.5) 51.5477219982461
29.96453 (0, 11.78796, 9.5) 51.7219464665668
30.10604 (0, 11.8559, 9.5) 51.8795018579336
30.26171 (0, 11.92855, 9.5) 52.0451680990783
30.41149 (0, 12.0343, 9.5) 52.2858878751978
30.56483 (0, 12.06969, 9.5) 52.3661699200716
30.71639 (0, 12.14169, 9.5) 52.5289606515266
30.85955 (0, 12.21308, 9.5) 52.6888314770616
30.97112 (0, 12.28574, 9.5) 52.8503756989718
31.06721 (0, 12.35577, 9.5) 53.0054005052081
31.16117 (0, 12.42822, 9.5) 53.1644414627447
31.26946 (0, 12.49987, 9.5) 53.3206991181472
31.37089 (0, 12.57121, 9.5) 53.4750613960226
31.46869 (0, 12.64074, 9.5) 53.6244922772332
31.57042 (0, 12.71514, 9.5) 53.7831541592644
31.66534 (0, 12.81398, 9.5) 53.992598498641
31.76296 (0, 12.85867, 9.5) 54.0858032616449
31.87044 (0, 12.92709, 9.5) 54.2280726893886
31.9669 (0, 13.00027, 9.5) 54.3794979858708
32.06068 (0, 13.07082, 9.5) 54.5242331119469
32.1659 (0, 13.1447, 9.5) 54.6749241630808
32.29393 (0, 13.21214, 9.5) 54.8112957223755
32.41944 (0, 13.28461, 9.5) 54.9574890938642
32.54374 (0, 13.35662, 9.5) 55.1015582764849
32.6687 (0, 13.43136, 9.5) 55.2500329311953
32.78268 (0, 13.49965, 9.5) 55.3845910752345
32.90239 (0, 13.6008, 9.5) 55.5825914324615
33.03149 (0, 13.64216, 9.5) 55.6623270621924
33.1798 (0, 13.71451, 9.5) 55.8007647537463
33.32635 (0, 13.78516, 9.5) 55.935968350673
33.4751 (0, 13.85611, 9.5) 56.069867381446
33.63844 (0, 13.92773, 9.5) 56.2050265821424
33.80372 (0, 13.99931, 9.5) 56.3383348015421
33.99469 (0, 14.07106, 9.5) 56.4698364358755
34.22639 (0, 14.14326, 9.5) 56.6025265231448
34.46033 (0, 14.21554, 9.5) 56.7346155537569
34.68917 (0, 14.28482, 9.5) 56.8605061875914
34.88316 (0, 14.38752, 9.5) 57.0460482795598
35.03048 (0, 14.42885, 9.5) 57.1188273615024
35.11613 (0, 14.50116, 9.5) 57.2474637314301
35.16742 (0, 14.56938, 9.5) 57.3681190251765
35.20577 (0, 14.6419, 9.5) 57.4954132629095
35.25101 (0, 14.71286, 9.5) 57.6188416135062
35.30723 (0, 14.7849, 9.5) 57.7427822282995
35.37417 (0, 14.85706, 9.5) 57.8666067298749
35.44782 (0, 14.92924, 9.5) 57.9895091558966
35.52607 (0, 14.99951, 9.5) 58.1090374684107
35.61752 (0, 14.92792, 9.5) 57.9866199858284
35.69438 (0, 14.81648, 9.5) 57.7947121574449
35.81509 (0, 14.78757, 9.5) 57.7440184925603
35.90001 (0, 14.71356, 9.5) 57.6149620659915
35.98461 (0, 14.64389, 9.5) 57.4927631494663
36.08136 (0, 14.56942, 9.5) 57.3615142321365
36.17281 (0, 14.50052, 9.5) 57.2391787118256
36.26005 (0, 14.42819, 9.5) 57.1095792852084
36.35049 (0, 14.35764, 9.5) 56.9822713870969
36.46107 (0, 14.28591, 9.5) 56.8515893754779
36.5727 (0, 14.21258, 9.5) 56.7171985710762
36.68304 (0, 14.14321, 9.5) 56.5891939936575
36.79148 (0, 14.03357, 9.5) 56.3855040887548
36.88062 (0, 14.00081, 9.5) 56.3236806304278
36.95416 (0, 13.92398, 9.5) 56.1781975986249
37.00757 (0, 13.8579, 9.5) 56.0524367383868
37.03712 (0, 13.78467, 9.5) 55.9123051598898
37.03865 (0, 13.71527, 9.5) 55.7786793366883
37.04053 (0, 13.64236, 9.5) 55.6366250599072
37.00183 (0, 13.57084, 9.5) 55.4952025756351
36.9305 (0, 13.49593, 9.5) 55.3471240719033
36.83046 (0, 13.43019, 9.5) 55.216913343345
36.70217 (0, 13.35632, 9.5) 55.0702930850258
36.53256 (0, 13.25224, 9.5) 54.8618835193261
36.34062 (0, 13.21403, 9.5) 54.7858259465261
36.118 (0, 13.14375, 9.5) 54.6434677263217
35.85205 (0, 13.06905, 9.5) 54.4907344485911
35.57934 (0, 13.00127, 9.5) 54.3511561154264
35.2843 (0, 12.92902, 9.5) 54.2013973851301
34.94857 (0, 12.85704, 9.5) 54.0508668434444
34.62302 (0, 12.78683, 9.5) 53.9033518303287
34.29952 (0, 12.7135, 9.5) 53.7477259674353
33.988 (0, 12.64264, 9.5) 53.5962016332084
33.6645 (0, 12.57028, 9.5) 53.4406201665453
33.35785 (0, 12.4719, 9.5) 53.2272894494647
33.04163 (0, 12.42745, 9.5) 53.1301948936621
32.72093 (0, 12.35767, 9.5) 52.9767683517189
32.38126 (0, 12.28364, 9.5) 52.8133629032282
32.07269 (0, 12.21475, 9.5) 52.660472531144
31.77454 (0, 12.14162, 9.5) 52.497920856314
31.46246 (0, 12.07292, 9.5) 52.3433707482332
31.17282 (0, 11.9985, 9.5) 52.1748494879668
30.88019 (0, 11.92899, 9.5) 52.0163686059516
30.56658 (0, 11.85524, 9.5) 51.8465325342476
30.28182 (0, 11.78394, 9.5) 51.6812795195548
30.00751 (0, 11.68309, 9.5) 51.4451462155411
29.73903 (0, 11.6445, 9.5) 51.3546701131572
29.4579 (0, 11.56947, 9.5) 51.176928097354
29.20807 (0, 11.50042, 9.5) 51.0129113469221
28.97573 (0, 11.42951, 9.5) 50.8421019732447
28.75719 (0, 11.35273, 9.5) 50.656457428437
28.53303 (0, 11.28634, 9.5) 50.4947800178357
28.33016 (0, 11.21499, 9.5) 50.3200910966436
28.13676 (0, 11.1418, 9.5) 50.13890666544
27.94629 (0, 11.07117, 9.5) 49.9630941781102
27.78183 (0, 11.00096, 9.5) 49.7864688982554
27.62739 (0, 10.88449, 9.5) 49.4898508530149
27.47915 (0, 10.85743, 9.5) 49.4216445827997
27.32217 (0, 10.78528, 9.5) 49.2365635286081
27.17197 (0, 10.71589, 9.5) 49.057404248528
27.02032 (0, 10.64163, 9.5) 48.8634746841157
26.86912 (0, 10.57123, 9.5) 48.6780657808384
26.71513 (0, 10.49807, 9.5) 48.4838459333815
26.57229 (0, 10.42927, 9.5) 48.2996869547436
26.42443 (0, 10.3559, 9.5) 48.101959805088
26.25426 (0, 10.28477, 9.5) 47.9086893539419
26.08221 (0, 10.21354, 9.5) 47.7129327138955
25.8993 (0, 10.1003, 9.5) 47.3977331387011
25.72167 (0, 10.07257, 9.5) 47.3204632073026
25.49218 (0, 10.00084, 9.5) 47.117978830809
25.27883 (0, 9.929882, 9.5) 46.9160408694583
25.05998 (0, 9.856099, 9.5) 46.7051075488172
24.82531 (0, 9.786316, 9.5) 46.5043204743613
24.60491 (0, 9.714767, 9.5) 46.2969900785689
24.3762 (0, 9.643496, 9.5) 46.0889425129014
24.11931 (0, 9.569485, 9.5) 45.8705779463166
23.8727 (0, 9.499365, 9.5) 45.662301569308
23.6268 (0, 9.426518, 9.5) 45.4445619650429
23.38511 (0, 9.325438, 9.5) 45.1387436548335
23.13075 (0, 9.284862, 9.5) 45.0156909646475
22.90482 (0, 9.215315, 9.5) 44.8027700589241
22.68995 (0, 9.141783, 9.5) 44.5758131142168
22.45998 (0, 9.072235, 9.5) 44.3598356987877
22.23468 (0, 8.999574, 9.5) 44.1318371502143
21.997 (0, 8.928441, 9.5) 43.9076669227359
21.74846 (0, 8.857041, 9.5) 43.6795932420803
21.47293 (0, 8.782573, 9.5) 43.4399970320984
21.21421 (0, 8.714584, 9.5) 43.2195902389169
20.96337 (0, 8.641794, 9.5) 42.9822206706424
20.7277 (0, 8.538822, 9.5) 42.6431495838915
20.49535 (0, 8.498545, 9.5) 42.5097525720311
20.28975 (0, 8.42981, 9.5) 42.2803572497485
20.08651 (0, 8.357183, 9.5) 42.0360891902946
19.86689 (0, 8.287259, 9.5) 41.7990884522415
19.66213 (0, 8.213705, 9.5) 41.548010694069
19.459 (0, 8.142817, 9.5) 41.3040909742686
19.24215 (0, 8.069971, 9.5) 41.0515686310619
19.21303 (0, 8.000383, 9.5) 40.8082397226349
18.83567 (0, 7.928528, 9.5) 40.5562706247604
18.63269 (0, 7.857599, 9.5) 40.3055616968093
18.3185 (0, 7.706087, 9.5) 39.7621791579307
18.21928 (0, 7.680081, 9.5) 39.6681001306981
18.0158 (0, 7.63843, 9.5) 39.5174739663624
17.79441 (0, 7.571665, 9.5) 39.2736737748746
17.59138 (0, 7.500668, 9.5) 39.0122072987972
17.39849 (0, 7.429944, 9.5) 38.7496445773393
17.21525 (0, 7.357821, 9.5) 38.4800706665788
17.02148 (0, 7.286688, 9.5) 38.2120813597328
16.84028 (0, 7.215309, 9.5) 37.9413599771722
16.65943 (0, 7.142253, 9.5) 37.6619949900694
16.46881 (0, 7.071897, 9.5) 37.3907101168927
16.29032 (0, 6.963029, 9.5) 36.966350456521
16.10929 (0, 6.928759, 9.5) 36.8326290106694
15.92497 (0, 6.855604, 9.5) 36.5440022868942
15.72369 (0, 6.787335, 9.5) 36.2727925457995
15.53063 (0, 6.714233, 9.5) 35.9799550103291
15.32287 (0, 6.64402, 9.5) 35.6962118718938
15.06971 (0, 6.569428, 9.5) 35.3926202033917
14.80276 (0, 6.499516, 9.5) 35.1062508571757
14.53076 (0, 6.426299, 9.5) 34.8038886227452
14.27106 (0, 6.358478, 9.5) 34.5220135410797
14.01137 (0, 6.283833, 9.5) 34.2093274755427
13.77277 (0, 6.172071, 9.5) 33.735455773033
13.5265 (0, 6.136777, 9.5) 33.5865678918707
13.25687 (0, 6.072833, 9.5) 33.3135071694794
13.00785 (0, 6.001125, 9.5) 33.0044035382232
12.7669 (0, 5.929996, 9.5) 32.6954296805634
12.53125 (0, 5.857978, 9.5) 32.3799261619456
12.28145 (0, 5.78668, 9.5) 32.0655530396548
12.05406 (0, 5.715439, 9.5) 31.7492025775656
11.83798 (0, 5.642573, 9.5) 31.423310341043
11.61798 (0, 5.571738, 9.5) 31.1041116900213
11.41554 (0, 5.498682, 9.5) 30.7726767548928
11.20548 (0, 5.398182, 9.5) 30.3124586007668
10.9884 (0, 5.356375, 9.5) 30.1194033005833
10.75166 (0, 5.286704, 9.5) 29.7966358756593
10.52626 (0, 5.213509, 9.5) 29.45520495851
10.2909 (0, 5.143651, 9.5) 29.12718170293
10.03105 (0, 5.070493, 9.5) 28.7815604646534
9.789765 (0, 5.000175, 9.5) 28.4470536518932
9.558453 (0, 4.927258, 9.5) 28.0981727057796
9.330055 (0, 4.856486, 9.5) 27.7570389018642
9.082314 (0, 4.786761, 9.5) 27.4188096359429
8.8458 (0, 4.714888, 9.5) 27.0681340575942
8.609595 (0, 4.611476, 9.5) 26.5596913520108
8.363372 (0, 4.57218, 9.5) 26.3654066177556
8.140829 (0, 4.499527, 9.5) 26.0042996328191
7.920874 (0, 4.429321, 9.5) 25.6532910827427
7.703522 (0, 4.358534, 9.5) 25.2971018340925
7.475355 (0, 4.286479, 9.5) 24.9322587356162
7.267172 (0, 4.214815, 9.5) 24.5676461560284
7.066247 (0, 4.141779, 9.5) 24.1939272265743
6.869641 (0, 4.069123, 9.5) 23.8195423536648
6.662649 (0, 4.001082, 9.5) 23.4668416241927
6.470418 (0, 3.929228, 9.5) 23.0920435248313
6.279572 (0, 3.814622, 9.5) 22.4896054618341
6.082282 (0, 3.787338, 9.5) 22.3457770433858
5.903488 (0, 3.712822, 9.5) 21.9507086497694
5.729469 (0, 3.643923, 9.5) 21.5833042303107
5.539517 (0, 3.569999, 9.5) 21.1873786479388
5.354927 (0, 3.496933, 9.5) 20.7934628487645
5.16714 (0, 3.428559, 9.5) 20.4229865516742
4.978506 (0, 3.358409, 9.5) 20.0410987158334
4.7809 (0, 3.286917, 9.5) 19.6497169168844
4.592352 (0, 3.214803, 9.5) 19.2530707495427
4.392444 (0, 3.143548, 9.5) 18.8586631767398
4.184182 (0, 3.027951, 9.5) 18.2142997043545
3.958343 (0, 3.001653, 9.5) 18.0674540497889
3.744706 (0, 2.92816, 9.5) 17.6546596074266
3.523145 (0, 2.855945, 9.5) 17.2470390334489
3.274707 (0, 2.785496, 9.5) 16.8474097809364
3.047739 (0, 2.716155, 9.5) 16.452580443945
2.833241 (0, 2.641272, 9.5) 16.0241192549067
2.620026 (0, 2.572143, 9.5) 15.626803729015
2.432606 (0, 2.496929, 9.5) 15.1927332470252
2.250381 (0, 2.429435, 9.5) 14.8017356462236
2.071788 (0, 2.355473, 9.5) 14.3714627494771
1.884917 (0, 2.253386, 9.5) 13.7747304558551
1.716004 (0, 2.212775, 9.5) 13.5365276044876
1.553938 (0, 2.14418, 9.5) 13.1327046157531
1.379985 (0, 2.072035, 9.5) 12.7066587524013
1.213537 (0, 2.000321, 9.5) 12.2814009221385
1.04155 (0, 1.929876, 9.5) 11.8626223801875
0.8693066 (0, 1.858068, 9.5) 11.4341125260506
0.6909717 (0, 1.786865, 9.5) 11.0078779787198
0.5352231 (0, 1.714582, 9.5) 10.5738595769233
0.4154301 (0, 1.644403, 9.5) 10.1511374544331
0.3846134 (0, 1.570758, 9.5) 9.70626161299197
0.5151029 (0, 1.461275, 9.5) 9.04228866716512
0.7391344 (0, 1.428406, 9.5) 8.84264650318835
0.9985801 (0, 1.357397, 9.5) 8.41020075247508
1.283899 (0, 1.283232, 9.5) 7.95741811316119
1.549776 (0, 1.215107, 9.5) 7.54059129779887
1.808835 (0, 1.139758, 9.5) 7.07853454209437
2.055475 (0, 1.072594, 9.5) 6.66579815634103
2.300357 (0, 0.9991363, 9.5) 6.21372329539195
2.512481 (0, 0.9284804, 9.5) 5.77807888165843
2.712094 (0, 0.8499239, 9.5) 5.29279820171926
2.916584 (0, 0.7873198, 9.5) 4.90560416257653
3.091932 (0, 0.6836277, 9.5) 4.26273479409771
3.249983 (0, 0.6445951, 9.5) 4.02058494709627
3.390209 (0, 0.5723727, 9.5) 3.57177043431443
3.52459 (0, 0.4996042, 9.5) 3.11903838108994
3.639164 (0, 0.4295139, 9.5) 2.6824853387379
3.747738 (0, 0.3571391, 9.5) 2.23125229861839
3.861228 (0, 0.2872634, 9.5) 1.79525954523126
3.962596 (0, 0.214206, 9.5) 1.33910652766959
4.05753 (0, 0.1432734, 9.5) 0.895692666900947
4.149354 (0, 0.0708852, 9.5) 0.443231526731205
4.232673 (0, 0.0002292916, 9.5) 0

0 (0, -0.07567106, 9.5) 0.473539531194783
0.03956468 (0, -0.1494368, 9.5) 0.935654503590781
0.08622923 (0, -0.2436897, 9.5) 1.5257240542855
0.14537 (0, -0.2867696, 9.5) 1.79525954523126
0.2176059 (0, -0.3576888, 9.5) 2.23913305639454
0.2873554 (0, -0.4301428, 9.5) 2.6923910341941
0.3368816 (0, -0.4990518, 9.5) 3.12324086849189
0.3722032 (0, -0.5737489, 9.5) 3.58986936870664
0.4010509 (0, -0.6410719, 9.5) 4.01034350514796
0.4329587 (0, -0.7199978, 9.5) 4.50271733666118
0.4668813 (0, -0.7851973, 9.5) 4.90903718646667
0.5059038 (0, -0.8588886, 9.5) 5.36786582395963
0.555319 (0, -0.9276781, 9.5) 5.79552233132255
0.6218109 (0, -1.074734, 9.5) 6.70782601856833
0.6531205 (0, -1.095948, 9.5) 6.8391948910975
0.6991359 (0, -1.141938, 9.5) 7.12378497300442
0.7438844 (0, -1.213946, 9.5) 7.56867105972943
0.7865875 (0, -1.285162, 9.5) 8.00780698084885
0.8327476 (0, -1.356035, 9.5) 8.44403751020052
0.8913127 (0, -1.427529, 9.5) 8.88320928981369
0.9557254 (0, -1.498984, 9.5) 9.32112004572984
1.027173 (0, -1.570538, 9.5) 9.75856464122718
1.101629 (0, -1.642522, 9.5) 10.1975562745979
1.186302 (0, -1.713863, 9.5) 10.6314534405346
1.272878 (0, -1.819993, 9.5) 11.2748393420782
1.373446 (0, -1.856297, 9.5) 11.4941994087515
1.497633 (0, -1.928904, 9.5) 11.9321630986346
1.624858 (0, -1.998444, 9.5) 12.3504387678993
1.760809 (0, -2.072966, 9.5) 12.797507953875
1.905365 (0, -2.14206, 9.5) 13.2108018538289
2.074337 (0, -2.214152, 9.5) 13.640645302424
2.243586 (0, -2.284133, 9.5) 14.0562708582456
2.421801 (0, -2.355657, 9.5) 14.4797605232569
2.619278 (0, -2.428986, 9.5) 14.9124820428626
2.797294 (0, -2.500153, 9.5) 15.3310326272461
2.964317 (0, -2.611077, 9.5) 15.9799928170212
3.121736 (0, -2.641529, 9.5) 16.1579072951038
3.288012 (0, -2.713978, 9.5) 16.5789577287662
3.453264 (0, -2.787732, 9.5) 17.0059384742766
3.632702 (0, -2.858968, 9.5) 17.4166223881493
3.835685 (0, -2.927105, 9.5) 17.8077463474528
4.027641 (0, -2.999218, 9.5) 18.2197621482364
4.218398 (0, -3.071034, 9.5) 18.62857117515
4.413662 (0, -3.145222, 9.5) 19.0487319766578
4.632401 (0, -3.213502, 9.5) 19.4337497467391
4.84432 (0, -3.287223, 9.5) 19.8476421420292
5.053848 (0, -3.386817, 9.5) 20.4030697197147
5.266298 (0, -3.428645, 9.5) 20.6358254951261
5.456143 (0, -3.498786, 9.5) 21.023872454156
5.647259 (0, -3.570597, 9.5) 21.419155998735
5.844189 (0, -3.642183, 9.5) 21.8112003260448
6.067631 (0, -3.713334, 9.5) 22.1992746058319
6.282693 (0, -3.784882, 9.5) 22.5871491025823
6.499235 (0, -3.856409, 9.5) 22.9730018633038
6.729368 (0, -3.92872, 9.5) 23.3609258789266
6.944667 (0, -3.998961, 9.5) 23.7361781858755
7.167327 (0, -4.071711, 9.5) 24.1223724560614
7.399371 (0, -4.173885, 9.5) 24.660504286926
7.646447 (0, -4.21602, 9.5) 24.8815514103531
7.862273 (0, -4.28435, 9.5) 25.2380070363855
8.063678 (0, -4.357307, 9.5) 25.6164439190892
8.274099 (0, -4.428266, 9.5) 25.9826598856121
8.471552 (0, -4.50119, 9.5) 26.3568842490734
8.669365 (0, -4.570934, 9.5) 26.7126056297575
8.856676 (0, -4.641485, 9.5) 27.0705348691284
9.03492 (0, -4.712798, 9.5) 27.4302655709237
9.180464 (0, -4.784139, 9.5) 27.7877047442134
9.330456 (0, -4.857361, 9.5) 28.1521158332172
9.509587 (0, -4.959645, 9.5) 28.6568002271458
9.694263 (0, -4.999006, 9.5) 28.8503780368098
9.881867 (0, -5.070659, 9.5) 29.2001691056458
10.05987 (0, -5.142754, 9.5) 29.5498577216426
10.23856 (0, -5.213816, 9.5) 29.8924839219171
10.40274 (0, -5.286237, 9.5) 30.2394370471046
10.56876 (0, -5.358676, 9.5) 30.5839825305686
10.75812 (0, -5.429666, 9.5) 30.9197204849477
10.9412 (0, -5.499571, 9.5) 31.2479998726259
11.12316 (0, -5.573052, 9.5) 31.5906397332789
11.30176 (0, -5.641859, 9.5) 31.9094763842685
11.49869 (0, -5.747093, 9.5) 32.3929069366847
11.69371 (0, -5.784745, 9.5) 32.5654887444819
11.90042 (0, -5.858119, 9.5) 32.8988053967589
12.13049 (0, -5.926723, 9.5) 33.2083359148455
12.35251 (0, -5.998129, 9.5) 33.5283200376352
12.58011 (0, -6.071262, 9.5) 33.8538639345041
12.80808 (0, -6.142334, 9.5) 34.1676803963681
13.05908 (0, -6.215423, 9.5) 34.488753934349
13.30607 (0, -6.285257, 9.5) 34.792929584035
13.56371 (0, -6.357649, 9.5) 35.1056873665595
13.82458 (0, -6.42906, 9.5) 35.4124789787423
14.10739 (0, -6.537346, 9.5) 35.8730864536576
14.375 (0, -6.570073, 9.5) 36.0124769566169
14.64528 (0, -6.644593, 9.5) 36.3260782675183
14.93195 (0, -6.712703, 9.5) 36.6107400664128
15.19126 (0, -6.784191, 9.5) 36.907446904114
15.44769 (0, -6.857942, 9.5) 37.2110112518589
15.72771 (0, -6.927397, 9.5) 37.4957106167944
15.9784 (0, -7.000416, 9.5) 37.7915602657401
16.26838 (0, -7.071644, 9.5) 38.0790395177152
16.53097 (0, -7.142686, 9.5) 38.3634759203632
16.79813 (0, -7.214231, 9.5) 38.6482367570023
17.04286 (0, -7.324891, 9.5) 39.0827460786538
17.29002 (0, -7.35552, 9.5) 39.2039170516913
17.56793 (0, -7.428977, 9.5) 39.4896819261555
17.83385 (0, -7.498087, 9.5) 39.7564554593086
18.09483 (0, -7.573309, 9.5) 40.0442147490444
18.34295 (0, -7.641258, 9.5) 40.3025803191857
18.593 (0, -7.714796, 9.5) 40.5800704193293
18.81346 (0, -7.784731, 9.5) 40.8416564237192
19.03106 (0, -7.858749, 9.5) 41.1165681274071
19.27397 (0, -7.926306, 9.5) 41.3657675835259
19.50438 (0, -8.003847, 9.5) 41.6492545898631
19.73015 (0, -8.107621, 9.5) 42.0238460759985
19.94911 (0, -8.141757, 9.5) 42.1479540304293
20.18651 (0, -8.213246, 9.5) 42.4034987323953
20.42051 (0, -8.284804, 9.5) 42.6572983209985
20.66735 (0, -8.355016, 9.5) 42.9042164938956
20.93334 (0, -8.428226, 9.5) 43.1601949128813
21.16653 (0, -8.499525, 9.5) 43.4072189537124
21.38181 (0, -8.569795, 9.5) 43.649048635591
21.46967 (0, -8.642633, 9.5) 43.8961136575578
21.81787 (0, -8.712424, 9.5) 44.134405301386
22.04797 (0, -8.787792, 9.5) 44.3877199465499
22.28573 (0, -8.888892, 9.5) 44.7231095612754
22.53942 (0, -8.928957, 9.5) 44.8564860825679
22.77789 (0, -8.998224, 9.5) 45.0839279707145
23.02765 (0, -9.07193, 9.5) 45.3243506336001
23.28364 (0, -9.142035, 9.5) 45.5511504839538
23.56196 (0, -9.215279, 9.5) 45.7863582973191
23.81717 (0, -9.283799, 9.5) 46.0045179582253
24.06466 (0, -9.357427, 9.5) 46.2371029789047
24.31172 (0, -9.42846, 9.5) 46.4601837911918
24.56824 (0, -9.501307, 9.5) 46.6868948490847
24.79142 (0, -9.570881, 9.5) 46.9014789058994
25.00246 (0, -9.681367, 9.5) 47.2378588980714
25.22379 (0, -9.711976, 9.5) 47.331842302654
25.43648 (0, -9.784572, 9.5) 47.5502205296173
25.6527 (0, -9.85676, 9.5) 47.7661842846679
25.87991 (0, -9.927043, 9.5) 47.9747919258569
26.07162 (0, -9.999842, 9.5) 48.1893589071984
26.24458 (0, -10.07099, 9.5) 48.3972459634176
26.4069 (0, -10.1427, 9.5) 48.6051740007726
26.58504 (0, -10.21523, 9.5) 48.8137987174348
26.76168 (0, -10.2859, 9.5) 49.015330282523
26.94595 (0, -10.35627, 9.5) 49.2144063945626
27.13631 (0, -10.46908, 9.5) 49.5298518565714
27.29503 (0, -10.49819, 9.5) 49.6119029204704
27.43693 (0, -10.57615, 9.5) 49.8273919773656
27.56866 (0, -10.64223, 9.5) 50.0090511067246
27.71613 (0, -10.71419, 9.5) 50.2050672939639
27.86471 (0, -10.78451, 9.5) 50.3949602165078
28.0165 (0, -10.8596, 9.5) 50.5962800457281
28.15568 (0, -10.92678, 9.5) 50.7752002691832
28.28826 (0, -11.00213, 9.5) 50.9742422302764
28.4034 (0, -11.0705, 9.5) 51.1532580763815
28.52286 (0, -11.14358, 9.5) 51.343212470629
28.65412 (0, -11.24565, 9.5) 51.6054166071494
28.77009 (0, -11.28628, 9.5) 51.7099868051261
28.86481 (0, -11.35576, 9.5) 51.8863491226934
28.94395 (0, -11.42907, 9.5) 52.0709076674045
29.01007 (0, -11.49791, 9.5) 52.2428986638285
29.07953 (0, -11.57078, 9.5) 52.4230517364498
29.15389 (0, -11.64115, 9.5) 52.5959169971024
29.23449 (0, -11.71236, 9.5) 52.7695165031033
29.30843 (0, -11.78539, 9.5) 52.9460632357814
29.37917 (0, -11.85607, 9.5) 53.1156431753872
29.45099 (0, -11.92702, 9.5) 53.2846732847554
29.5196 (0, -12.03095, 9.5) 53.5292862687683
29.59293 (0, -12.07139, 9.5) 53.6243010319331
29.67125 (0, -12.1424, 9.5) 53.7896530843706
29.73789 (0, -12.21573, 9.5) 53.9591681371781
29.8061 (0, -12.28495, 9.5) 54.1179666229952
29.88788 (0, -12.35659, 9.5) 54.2811364299556
29.99335 (0, -12.42845, 9.5) 54.4432782934283
30.10321 (0, -12.50167, 9.5) 54.6073291948067
30.21423 (0, -12.56966, 9.5) 54.7586554535443
30.33027 (0, -12.64337, 9.5) 54.9217808642743
30.44003 (0, -12.71417, 9.5) 55.0773691611267
30.552 (0, -12.81961, 9.5) 55.3065254267842
30.66702 (0, -12.85672, 9.5) 55.3872890000027
30.78999 (0, -12.92886, 9.5) 55.5424094288889
30.89869 (0, -12.99781, 9.5) 55.6897639325563
30.99716 (0, -13.07137, 9.5) 55.8460728143784
31.09118 (0, -13.14178, 9.5) 55.9946362615496
31.18686 (0, -13.21321, 9.5) 56.1443574258048
31.27144 (0, -13.2845, 9.5) 56.2922378540473
31.36154 (0, -13.36019, 9.5) 56.4481403396069
31.46652 (0, -13.42801, 9.5) 56.5869058802465
31.56531 (0, -13.49893, 9.5) 56.7308965156904
31.66453 (0, -13.60797, 9.5) 56.9493874407769
31.77102 (0, -13.64181, 9.5) 57.0175698053297
31.90586 (0, -13.71392, 9.5) 57.1608364407091
32.0577 (0, -13.78475, 9.5) 57.2999673964756
32.21858 (0, -13.85869, 9.5) 57.4444327300749
32.37343 (0, -13.92693, 9.5) 57.5774711569978
32.49095 (0, -14.00127, 9.5) 57.7212193207219
32.60852 (0, -14.07067, 9.5) 57.8545036344591
32.74506 (0, -14.14353, 9.5) 57.9935594581435
32.90473 (0, -14.21314, 9.5) 58.1254367528877
33.04717 (0, -14.28557, 9.5) 58.2618014819931
33.17552 (0, -14.39119, 9.5) 58.4579030465985
33.30159 (0, -14.42703, 9.5) 58.5256653545101
33.40761 (0, -14.49983, 9.5) 58.6599468758831
33.50554 (0, -14.57027, 9.5) 58.7889691515055
33.6036 (0, -14.64082, 9.5) 58.9174176912279
33.70776 (0, -14.71331, 9.5) 59.048386570797
33.80472 (0, -14.78497, 9.5) 59.1771083180908
33.89869 (0, -14.85633, 9.5) 59.3042249709023
33.98978 (0, -14.92956, 9.5) 59.4335136239069
34.07106 (0, -14.99864, 9.5) 59.5546538610926
34.16017 (0, -14.92441, 9.5) 59.4275986799847
34.25638 (0, -14.82632, 9.5) 59.2577045516718
34.35552 (0, -14.78361, 9.5) 59.1843688093024
34.43305 (0, -14.71432, 9.5) 59.0630646475737
34.50684 (0, -14.64163, 9.5) 58.93491663618
34.58804 (0, -14.57181, 9.5) 58.8111809270653
34.68385 (0, -14.49808, 9.5) 58.6794470662961
34.77768 (0, -14.42932, 9.5) 58.55553377226
34.86921 (0, -14.35663, 9.5) 58.4236154963801
34.97219 (0, -14.28592, 9.5) 58.2946205415148
35.06938 (0, -14.21396, 9.5) 58.1622856240884
35.16173 (0, -14.14183, 9.5) 58.028687121644
35.24449 (0, -14.03934, 9.5) 57.8363694819034
35.32582 (0, -13.99975, 9.5) 57.7624190224982
35.3929 (0, -13.92843, 9.5) 57.6271471236786
35.44157 (0, -13.85181, 9.5) 57.4806532238613
35.46121 (0, -13.78542, 9.5) 57.3530311370426
35.45417 (0, -13.71339, 9.5) 57.2127697849492
35.42548 (0, -13.64289, 9.5) 57.0748853387275
35.38341 (0, -13.57014, 9.5) 56.9310825334891
35.32858 (0, -13.49983, 9.5) 56.7906470115689
35.24928 (0, -13.42841, 9.5) 56.6467178478286
35.14438 (0, -13.356, 9.5) 56.4997048536255
35.01134 (0, -13.24531, 9.5) 56.2726966824986
34.87248 (0, -13.21482, 9.5) 56.2089949221178
34.71454 (0, -13.13976, 9.5) 56.0524367383868
34.529 (0, -13.07154, 9.5) 55.9092862162252
34.29544 (0, -12.99783, 9.5) 55.7528953721317
34.05384 (0, -12.92927, 9.5) 55.6062443779607
33.80753 (0, -12.85245, 9.5) 55.4402366273518
33.55803 (0, -12.78658, 9.5) 55.2954263691936
33.33571 (0, -12.71246, 9.5) 55.1325434301832
33.10765 (0, -12.64225, 9.5) 54.9766785106647
32.86115 (0, -12.56957, 9.5) 54.8143419867973
32.57178 (0, -12.46968, 9.5) 54.5897482875832
32.28862 (0, -12.42787, 9.5) 54.4935587318611
32.01608 (0, -12.35763, 9.5) 54.3329673213564
31.73612 (0, -12.28623, 9.5) 54.1683495142672
31.47687 (0, -12.21387, 9.5) 53.9999921785437
31.21632 (0, -12.14319, 9.5) 53.834537673267
30.96284 (0, -12.07228, 9.5) 53.6668326206203
30.70596 (0, -12.00114, 9.5) 53.4968292092788
30.47739 (0, -11.92792, 9.5) 53.3214675144419
30.25065 (0, -11.8559, 9.5) 53.147379649907
29.99853 (0, -11.78281, 9.5) 52.9698118039306
29.75674 (0, -11.68312, 9.5) 52.7266638955197
29.51803 (0, -11.64114, 9.5) 52.6218478107287
29.28659 (0, -11.57082, 9.5) 52.4468617763026
29.03969 (0, -11.49702, 9.5) 52.2622349296986
28.81539 (0, -11.42938, 9.5) 52.0916919334034
28.5979 (0, -11.356, 9.5) 51.9056341621439
28.37151 (0, -11.28611, 9.5) 51.7266490518905
28.1701 (0, -11.20994, 9.5) 51.5305987137048
27.97576 (0, -11.14314, 9.5) 51.3571665473414
27.77988 (0, -11.07137, 9.5) 51.1698144552121
27.5636 (0, -10.99996, 9.5) 50.9816803064094
27.35275 (0, -10.89856, 9.5) 50.713455358033
27.13959 (0, -10.8553, 9.5) 50.5970621024014
26.91513 (0, -10.78529, 9.5) 50.4085352177148
26.70745 (0, -10.71305, 9.5) 50.2126727097344
26.49718 (0, -10.64297, 9.5) 50.0211371266671
26.28623 (0, -10.56995, 9.5) 49.8201827125737
26.05598 (0, -10.49988, 9.5) 49.6257613745328
25.83568 (0, -10.42492, 9.5) 49.4162658087365
25.60906 (0, -10.35702, 9.5) 49.2246277728299
25.35997 (0, -10.28441, 9.5) 49.0183082450519
25.12168 (0, -10.21385, 9.5) 48.8164659063512
24.87921 (0, -10.10985, 9.5) 48.5171601816265
24.63779 (0, -10.07259, 9.5) 48.4075253982939
24.38655 (0, -10.00023, 9.5) 48.1952772662151
24.16281 (0, -9.928962, 9.5) 47.9849108512849
23.94304 (0, -9.856576, 9.5) 47.7695481528915
23.70458 (0, -9.784956, 9.5) 47.5546430771804
23.47451 (0, -9.714795, 9.5) 47.3425964356856
23.242 (0, -9.641622, 9.5) 47.119672717752
23.01168 (0, -9.571313, 9.5) 46.9035962645782
22.76748 (0, -9.499454, 9.5) 46.6812121315983
22.53847 (0, -9.428343, 9.5) 46.4597022628471
22.30626 (0, -9.314081, 9.5) 46.1017286272458
22.05496 (0, -9.285841, 9.5) 46.0103202040242
21.81503 (0, -9.21169, 9.5) 45.7737975792212
21.56512 (0, -9.143268, 9.5) 45.5538415785327
21.28579 (0, -9.069564, 9.5) 45.3153108780794
21.028 (0, -9.000003, 9.5) 45.0882104993972
20.78294 (0, -8.927901, 9.5) 44.8514658934423
20.54514 (0, -8.856381, 9.5) 44.6145778535125
20.2754 (0, -8.783763, 9.5) 44.3714572658587
20.00757 (0, -8.714857, 9.5) 44.1394767169312
19.73734 (0, -8.638135, 9.5) 43.8792806560611
19.47736 (0, -8.534718, 9.5) 43.5265047945068
19.21069 (0, -8.500712, 9.5) 43.4077004820571
18.9637 (0, -8.427999, 9.5) 43.1555572143558
18.71424 (0, -8.357997, 9.5) 42.9105958906893
18.44557 (0, -8.285606, 9.5) 42.6555463774466
18.19197 (0, -8.21237, 9.5) 42.3953537316711
17.94093 (0, -8.140899, 9.5) 42.1397851240426
17.67871 (0, -8.072424, 9.5) 41.8923785926115
17.43706 (0, -7.996652, 9.5) 41.6170536624718
17.1982 (0, -7.928105, 9.5) 41.3662081307349
16.95755 (0, -7.854208, 9.5) 41.0935264838491
16.69688 (0, -7.752193, 9.5) 40.7149700728328
16.45575 (0, -7.713143, 9.5) 40.567762418235
16.22111 (0, -7.642531, 9.5) 40.3013474700195
15.99627 (0, -7.5691, 9.5) 40.0223991244633
15.75792 (0, -7.499741, 9.5) 39.7565818178104
15.5302 (0, -7.427878, 9.5) 39.4794673780775
15.28685 (0, -7.357893, 9.5) 39.207759033165
15.01774 (0, -7.285108, 9.5) 38.9229538002956
14.76994 (0, -7.214309, 9.5) 38.6437390773571
14.53346 (0, -7.143227, 9.5) 38.361611278688
14.30902 (0, -7.070854, 9.5) 38.0723015359841
14.06468 (0, -6.968304, 9.5) 37.6593926879513
13.82463 (0, -6.927945, 9.5) 37.4942967676121
13.57531 (0, -6.856749, 9.5) 37.2030916473812
13.30949 (0, -6.784872, 9.5) 36.9067980361318
13.0698 (0, -6.715248, 9.5) 36.6180005576243
12.83592 (0, -6.641028, 9.5) 36.3079714357198
12.6022 (0, -6.572168, 9.5) 36.0182928627944
12.35888 (0, -6.49801, 9.5) 35.7038309480429
12.13497 (0, -6.428719, 9.5) 35.4080461858953
11.90509 (0, -6.355726, 9.5) 35.0942536296939
11.65401 (0, -6.286209, 9.5) 34.793025206685
11.42096 (0, -6.178857, 9.5) 34.3253826368046
11.19215 (0, -6.142488, 9.5) 34.1644497168355
10.95003 (0, -6.068538, 9.5) 33.8373690273772
10.72493 (0, -6.001305, 9.5) 33.5377047177149
10.49567 (0, -5.929033, 9.5) 33.2140288776158
10.2632 (0, -5.857205, 9.5) 32.8900900752293
10.01547 (0, -5.783422, 9.5) 32.5549736680753
9.789103 (0, -5.71384, 9.5) 32.236881507718
9.563141 (0, -5.643423, 9.5) 31.9126558373814
9.336057 (0, -5.570168, 9.5) 31.5732978826805
9.089818 (0, -5.498693, 9.5) 31.2391889284462
8.853614 (0, -5.384178, 9.5) 30.6998942578556
8.605556 (0, -5.358958, 9.5) 30.5788530584145
8.330979 (0, -5.284098, 9.5) 30.2225186682419
8.079633 (0, -5.214849, 9.5) 29.8902299594525
7.83902 (0, -5.140169, 9.5) 29.5299101538313
7.605168 (0, -5.071406, 9.5) 29.196012935465
7.354287 (0, -4.998881, 9.5) 28.8413553567623
7.115215 (0, -4.929917, 9.5) 28.5022006001926
6.876148 (0, -4.85545, 9.5) 28.1337904353615
6.622231 (0, -4.786458, 9.5) 27.7903189991628
6.38887 (0, -4.714433, 9.5) 27.4295091274602
6.158739 (0, -4.604699, 9.5) 26.8761220688241
5.928405 (0, -4.571769, 9.5) 26.7080242802935
5.684514 (0, -4.500512, 9.5) 26.3443508517326
5.457364 (0, -4.429487, 9.5) 25.979946592918
5.236373 (0, -4.357999, 9.5) 25.6111351544663
5.001161 (0, -4.285513, 9.5) 25.2347883096842
4.777293 (0, -4.213536, 9.5) 24.8589947102344
4.547647 (0, -4.143341, 9.5) 24.4903130453791
4.315204 (0, -4.070933, 9.5) 24.1078958698686
4.232673 (0, -3.999395, 9.5) 23.7286854682282
3.845526 (0, -3.925154, 9.5) 23.3314194612088
3.63006 (0, -3.825869, 9.5) 22.7981421873796
3.3984 (0, -3.782868, 9.5) 22.5651866289314
3.173915 (0, -3.71435, 9.5) 22.1934535770124
2.949819 (0, -3.64136, 9.5) 21.795311598217
2.728787 (0, -3.572169, 9.5) 21.4159201965605
2.498497 (0, -3.495808, 9.5) 20.9948578100669
2.29243 (0, -3.425421, 9.5) 20.6049598697403
2.094804 (0, -3.354058, 9.5) 20.2078441268853
1.896098 (0, -3.285724, 9.5) 19.8254696400579
1.728503 (0, -3.212839, 9.5) 19.415974179121
1.583009 (0, -3.141855, 9.5) 19.015334058594
1.462328 (0, -3.03169, 9.5) 18.3905612766299
1.367163 (0, -3.000993, 9.5) 18.2146719496706
1.314178 (0, -2.92856, 9.5) 17.8003851109493
1.29392 (0, -2.856336, 9.5) 17.385594545768
1.304763 (0, -2.785971, 9.5) 16.9796337077869
1.342901 (0, -2.715569, 9.5) 16.5717877375627
1.405835 (0, -2.644248, 9.5) 16.15701083276
1.486616 (0, -2.571499, 9.5) 15.7324445591624
1.588808 (0, -2.500131, 9.5) 15.3144642955843
1.692232 (0, -2.428455, 9.5) 14.8930023430174
1.804827 (0, -2.357021, 9.5) 14.4715899093229
1.94209 (0, -2.240085, 9.5) 13.7787892958386
2.089004 (0, -2.213953, 9.5) 13.6229235225465
2.250642 (0, -2.139486, 9.5) 13.1790098840211
2.422932 (0, -2.072676, 9.5) 12.7797503155037
2.615988 (0, -1.997911, 9.5) 12.3314081529998
2.800301 (0, -1.929176, 9.5) 11.9178009181124
2.98544 (0, -1.855529, 9.5) 11.4734783220035
3.191446 (0, -1.786029, 9.5) 11.05292905348
3.395402 (0, -1.71336, 9.5) 10.6121291274957
3.609126 (0, -1.643673, 9.5) 10.1883705237812
3.826587 (0, -1.572048, 9.5) 9.75169176325762
4.060956 (0, -1.460139, 9.5) 9.06780710811323
4.280341 (0, -1.429769, 9.5) 8.8814180726733
4.500106 (0, -1.357463, 9.5) 8.43773239171539
4.735821 (0, -1.285802, 9.5) 7.99703747989132
4.95021 (0, -1.213811, 9.5) 7.55359256310577
5.164978 (0, -1.143434, 9.5) 7.11932229807934
5.381283 (0, -1.069579, 9.5) 6.6628257433409
5.614891 (0, -1.000722, 9.5) 6.23652502855135
5.822011 (0, -0.9275874, 9.5) 5.78316481135591
6.018616 (0, -0.8561904, 9.5) 5.33982960448577
6.229385 (0, -0.7792881, 9.5) 4.86191997944725
6.428126 (0, -0.681456, 9.5) 4.25325961400999
6.61918 (0, -0.6407971, 9.5) 3.99988008204783
6.797629 (0, -0.57221, 9.5) 3.57248290843438
6.979378 (0, -0.4985515, 9.5) 3.11313282867808
7.148801 (0, -0.4278847, 9.5) 2.6721766621138
7.318771 (0, -0.3575152, 9.5) 2.2330059497177
7.500984 (0, -0.2861803, 9.5) 1.78750311824446
7.667747 (0, -0.2146638, 9.5) 1.34085889810841
7.832031 (0, -0.1425535, 9.5) 0.890434114841424
7.99743 (0, -0.07233283, 9.5) 0.451974649265639
