0.02797646	0	0.02797646	1.94420526955906
0.05595291	0.08392937	0.1398823	3.6538772069448
0.08622923	0.1678588	0.254088	5.25109605414356
0.1153499	0.2211734	0.3365234	7.78079027198536
0.132704	0.2332305	0.3659346	9.024213424992
0.1532334	0.2661444	0.4193778	10.4626410434499
0.1769387	0.3045456	0.4814843	12.136286720557
0.1988102	0.3195939	0.5184041	13.7748738898301
0.2185032	0.3488659	0.5673692	15.4600958840042
0.2349025	0.3758652	0.6107676	17.1318752118888
0.2517883	0.4059006	0.6576889	18.6973631340966
0.2712421	0.4829499	0.754192	20.231765157314
0.2934199	0.556375	0.8497949	21.7518852547333
0.315899	0.6129363	0.9288354	23.2075949596334
0.3226406	0.6252628	0.9479034	25.9736474508485
0.3039024	5.631933	5.935836	27.0781658981088
0.2676108	9.97498	10.24259	28.1030375080989
0.2046302	14.85832	15.06295	29.0751971322703
0.2654082	22.98899	23.2544	30.2425277077568
0.6013339	26.99953	27.60087	31.5100059336569
1.19861	26.97529	28.1739	32.7815037259521
1.959246	26.21726	28.1765	34.0172147414806
2.906296	25.1331	28.0394	35.1942544310379
4.025064	23.73282	27.75788	36.3387311931716
5.389289	22.83906	28.22835	37.4961306734355
7.105863	20.64755	27.75341	39.0545373969004
8.30929	18.34673	26.65602	39.8441277689904
10.05497	17.45165	27.50661	40.6725375218903
11.76847	15.443	27.21147	41.6791195925184
13.52726	18.91691	32.44417	42.6385938476374
15.29023	21.44954	36.73977	43.5781546858915
17.17984	27.07403	44.25387	44.4995369753596
18.94696	25.62289	44.56985	45.3924544509761
20.69279	23.55978	44.25256	46.2551995654193
22.50295	22.61548	45.11843	47.0744944307163
24.09344	20.59155	44.68499	47.9387046207615
25.8807	18.75695	44.63765	49.0360257560612
26.95503	18.20795	45.16298	49.5696240487868
28.33017	17.48491	45.81508	50.1920831041302
29.53602	16.44567	45.98169	50.9327078492251
30.67932	15.58436	46.26369	51.5948161533767
31.84866	15.52585	47.37451	52.2839993278601
32.91185	18.27489	51.18674	52.9658537092391
33.95994	20.79544	54.75538	53.578791480717
34.98669	20.22621	55.2129	54.2291074630655
36.06215	19.13675	55.19891	54.8290747050883
37.02834	18.32963	55.35797	55.4300357396524
38.14672	17.72811	55.87483	56.2380027360177
38.90043	17.39215	56.29259	56.6511711312434
39.74405	16.94687	56.69093	57.0752849048008
40.55475	16.75949	57.31424	57.6035283291258
41.33992	16.20044	57.54035	58.11526660104
42.14962	15.7571	57.90672	58.6205981554034
42.86727	15.25326	58.12053	59.1026319341105
43.55294	14.87179	58.42473	59.5943372608473
44.21924	14.56143	58.78067	60.0503411881835
44.92355	14.27656	59.20012	60.4744071504159
45.57344	13.97369	59.54713	60.9189226993721
46.39924	13.79048	60.18973	61.5386326035276
46.90222	13.53276	60.43498	61.847083951707
47.54453	12.94121	60.48574	62.1622220551979
48.1942	14.03636	62.23056	62.5523556370548
48.89497	14.31478	63.20975	62.9397708035757
49.54706	13.76647	63.31353	63.3272406116109
50.1905	13.41352	63.60402	63.6873281907964
50.82352	12.80785	63.63137	64.0417125619276
51.48406	12.40008	63.88413	64.3854213472041
52.07398	12.11915	64.19313	64.7267054152838
52.6293	11.93025	64.55955	65.0637889169523
53.25708	11.72351	64.98059	65.3958795502523
53.67023	11.41941	65.08964	65.4004762676421
54.12634	11.47271	65.59904	65.4048817397319
54.55933	11.14864	65.70797	65.4089935136824
55.00086	11.06502	66.06587	65.4130028347936
55.38714	10.93418	66.32132	65.4160354388368
55.74255	10.77925	66.52179	65.4192046466658
56.0901	10.82837	66.91846	65.423309590427
56.39067	10.75323	67.14391	65.4263558548488
56.6718	10.81536	67.48716	65.4289103456419
56.93387	10.93342	67.86729	65.4313897043529
57.21096	10.91665	68.12761	65.4336163460603
57.42024	10.84992	68.27016	65.4354604971677
57.62275	10.71671	68.33946	65.4370382708929
57.79886	10.67136	68.47022	65.4379876672037
57.90472	10.85968	68.7644	65.4383360068573
57.93865	11.21761	69.15627	65.4387867993502
57.89751	11.56753	69.46504	65.437659818118
57.77903	11.79319	69.57223	65.4381584219359
57.62021	11.98203	69.60223	65.4386843465109
57.43335	12.56041	69.99376	65.4398181579325
57.2146	12.1278	69.34241	65.4400367239897
57.00216	11.61361	68.61577	65.4402552900468
56.78532	11.81068	68.596	65.4403645730754
56.56075	11.96624	68.52699	65.4402416296683
56.29419	12.06415	68.35834	65.4395586107396
56.00555	12.37162	68.37718	65.4384043087502
55.67506	12.68675	68.36182	65.4374344218715
55.28658	13.09506	68.38165	65.4364713651821
54.90168	13.3464	68.24809	65.4347706480498
54.49882	13.74177	68.24059	65.4334114403817
54.07202	14.2403	68.31232	65.4310140439422
53.58495	14.58887	68.17382	65.4291562324563
53.11374	15.23136	68.34509	65.427435024756
52.64587	16.05569	68.70156	65.4260211755737
52.20288	16.3784	68.58129	65.4249420056665
51.76526	17.27102	69.03628	65.4205501939552
51.39082	17.82211	69.21293	65.4126408347614
51.05677	18.24091	69.29768	65.4106122685433
50.75285	18.44605	69.19891	65.4077982305573
50.51981	18.7957	69.31551	65.405407664307
50.33091	19.04576	69.37667	65.4040894377747
50.18102	19.14705	69.32806	65.402976116921
50.06865	19.30041	69.36906	65.3988916637277
50.01014	19.38847	69.39861	65.3999844940135
49.98876	19.3913	69.38007	65.3952238520808
49.98893	19.37	69.35893	65.391747285734
50.00219	19.33414	69.33633	65.3900943799266
50.02313	19.20375	69.22688	65.3887966439622
50.04977	19.15778	69.20755	65.3889332477479
50.07421	19.04163	69.11583	65.3886122288514
50.09121	18.95416	69.04537	65.3885234363907
50.09711	18.9516	69.04871	65.388864945855
50.08807	18.95535	69.04342	65.3892269458872
50.06601	18.95214	69.01816	65.3896845685694
50.03016	18.96772	68.99788	65.390032908223
49.98448	19.02705	69.01153	65.3893362289158
49.92885	19.20198	69.13083	65.3883458514693
49.87545	25.62573	75.50118	65.3883731722264
49.82789	35.64112	85.46901	65.3868910211512
49.78209	21.57432	71.3564	65.3863514361976
49.74525	21.61106	71.35632	65.3841043039223
49.71175	21.63078	71.34253	65.3835988699151
49.67942	21.66196	71.34138	65.3826699641722
49.65273	21.67973	71.33246	65.3833188321544
49.62969	18.53616	68.16585	65.3826084924686
49.60511	18.41631	68.02141	65.3828202283365
49.5741	17.9855	67.5596	65.3827587566329
49.54234	17.92992	67.47226	65.38278607739
49.50896	17.87381	67.38278	65.3830934359079
49.47586	17.85919	67.33505	65.3831685679901
49.43938	17.85837	67.29775	65.3833939642365
49.4039	17.87331	67.27721	65.3834417755615
49.36632	17.89948	67.26579	65.3834827566973
49.32295	17.86677	67.18972	65.383332492533
49.28081	17.80612	67.08693	65.3832505302615
49.2432	17.79242	67.03562	65.3833393227223
49.21519	17.80053	67.01572	65.3835920397258
49.20142	17.67418	66.8756	65.3838857378652
49.1956	17.68018	66.87578	65.3839813605152
49.19276	18.16261	67.35536	65.3838720774866
49.18914	18.30972	67.49886	65.3835920397258
49.18323	18.32296	67.5062	65.3834554359401
49.17606	18.36614	67.5422	65.3832915113972
49.16668	18.40347	67.57015	65.3835510585901
49.15298	18.42623	67.57921	65.383332492533
49.13627	18.5553	67.69157	65.3837013227544
49.11035	18.59387	67.70422	65.3835169076437
49.08879	18.74163	67.83041	65.3832437000722
49.063	18.8187	67.8817	65.3831275868544
49.03089	18.91916	67.95005	65.3826494736043
48.9938	19.09886	68.09266	65.3816727565363
48.9486	19.15108	68.09968	65.3814541904792
48.90161	19.24146	68.14307	65.3807233602255
48.84973	19.32073	68.17046	65.3796783412647
48.7904	19.38619	68.17659	65.3790089827146
48.73402	19.42227	68.15629	65.3782166807573
48.67509	19.50164	68.17673	65.3780117750788
48.61438	19.58975	68.20413	65.3773765674751
48.54591	19.63979	68.18571	65.3764408315429
48.48122	19.73582	68.21704	65.3756826805321
48.41787	19.85081	68.26868	65.3749586804677
48.35351	19.91848	68.272	65.3743303030533
48.30072	19.98896	68.28969	65.3739751332104
48.25362	20.07403	68.32765	65.3737565671533
48.21282	20.15737	68.37019	65.3731281897389
48.17608	20.1934	68.36948	65.3728754727353
48.14499	20.26313	68.40811	65.3722539255102
48.11195	20.33684	68.4488	65.3718577745316
48.07421	20.36203	68.43624	65.3721514726709
48.03657	20.42963	68.4662	65.3718304537745
47.99609	20.49501	68.4911	65.3716187179066
47.95191	20.53799	68.4899	65.3720626802102
47.91185	20.65825	68.5701	65.371796302828
47.87634	20.71636	68.5927	65.3718236235852
47.84543	20.7614	68.60683	65.371652868853
47.81154	20.77772	68.58926	65.3710313216279
47.77279	20.82112	68.5939	65.3715913971494
47.72237	20.87202	68.59439	65.371318189578
47.66835	20.89671	68.56506	65.3704097744029
47.61422	20.96488	68.5791	65.3705395479993
47.57055	21.02081	68.59135	65.3700682649385
47.53253	21.0465	68.57903	65.3693306044956
47.49804	21.1146	68.61264	65.3687432082169
47.46816	21.15537	68.62353	65.3681080006133
47.43919	21.1816	68.6208	65.3682036232633
47.40985	21.22643	68.63628	65.3684290195098
47.37581	21.26959	68.64541	65.3680806798562
47.34501	21.30665	68.65166	65.3679645666383
47.31849	21.33238	68.65087	65.3677255100133
47.29651	21.44771	68.74422	65.3674181514954
47.28243	21.45995	68.74238	65.3675957364168
47.27405	21.55115	68.8252	65.3677801515275
47.27197	21.51081	68.78278	65.3675615854704
47.27169	21.51114	68.78282	65.3679372458811
47.27218	21.52799	68.80017	65.3678962647454
47.27059	21.56668	68.83727	65.3681626421276
47.26575	21.49864	68.7644	65.368886642192
47.25984	21.53753	68.79736	65.3688251704884
47.2578	21.54098	68.79878	65.3686544157562
47.25974	21.55723	68.81696	65.3687773591634
47.26358	21.55171	68.81528	65.3682855855348
47.27033	21.55285	68.82318	65.3683265666705
47.28369	21.56828	68.85197	65.3684563402669
47.30815	21.55349	68.86164	65.3684290195098
47.34327	21.52561	68.86888	65.369269132792
47.39147	21.49851	68.88998	65.3697677366099
47.45776	21.43229	68.89006	65.3697335856635
47.54888	21.32807	68.87695	65.3713933216601
47.65073	21.27304	68.92377	65.3726227557317
47.76551	20.86287	68.62837	65.3732784539032
47.89759	20.58986	68.48744	65.3738726803711
48.02319	20.51229	68.53548	65.3742620011605
48.14688	20.27563	68.42251	65.3747127936534
48.26743	20.03381	68.30124	65.3753138503106
48.39722	19.90487	68.30209	65.3764749824893
48.52253	19.82553	68.34805	65.3771989825537
48.65013	19.67419	68.32432	65.3777180769394
48.78811	19.48274	68.27085	65.3783532845431
48.92105	19.38835	68.3094	65.3796441903182
49.06148	19.21299	68.27447	65.3807575111719
49.21001	18.98067	68.19069	65.3812766055577
49.37516	18.78529	68.16045	65.3824240773579
49.53053	18.65556	68.18609	65.3831207566651
49.6898	18.35595	68.04575	65.3840155114616
49.86809	18.15734	68.02544	65.3854020398868
50.04371	18.03903	68.08275	65.3862558135476
50.2328	17.6724	67.9052	65.3871642287227
50.43466	17.35327	67.78793	65.3889400779372
50.65656	17.16474	67.8213	65.3897665308409
50.85926	16.73126	67.59053	65.3914672479732
51.04444	16.46831	67.51275	65.3946023048557
51.2147	16.19002	67.40472	65.3964259653952
51.34596	16.09348	67.43944	65.3989872863777
51.4509	15.96594	67.41684	65.3998683807956
51.53039	15.85677	67.38716	65.3990760788384
51.58368	15.81471	67.39838	65.4013095507351
51.60143	15.75634	67.35777	65.4031058905175
51.58896	15.74921	67.33817	65.4037069471747
51.5511	15.76101	67.31211	65.4051071359784
51.49972	15.79263	67.29234	65.4050046831391
51.43994	15.89063	67.33057	65.4050661548427
51.3818	15.92247	67.30427	65.4048612491641
51.33058	15.97388	67.30445	65.4046973246212
51.30034	16.23269	67.53304	65.4047314755676
51.29132	26.0598	77.35113	65.4050661548427
51.31024	34.57839	85.88863	65.4062341172107
51.35374	22.35535	73.70909	65.408911551411
51.4126	22.33499	73.74759	65.4109059666826
51.48518	22.329	73.81418	65.4122173630257
51.56029	22.32673	73.88702	65.4137678159937
51.64545	22.338	73.98344	65.4149699293081
51.73729	22.34691	74.0842	65.4160286086476
51.83883	22.36487	74.2037	65.4166979671976
51.92744	17.14009	69.06754	65.4168345709834
52.00561	17.05425	69.05986	65.4171555898798
52.06857	17.0705	69.13907	65.4164247596262
52.11882	16.9478	69.06661	65.4161515520547
52.15223	16.8877	69.03992	65.4164315898154
52.17735	16.73707	68.91442	65.4166023445476
52.19515	16.72868	68.92383	65.4169643445798
52.20872	16.75577	68.96449	65.4173331748013
52.22785	16.73572	68.96358	65.4177020050227
52.25493	16.71937	68.9743	65.4181596277049
52.2985	16.70338	69.00188	65.4192524579908
52.35311	16.68006	69.03316	65.4202564958159
52.42555	16.67285	69.0984	65.421069288341
52.52876	16.66588	69.19464	65.421950382759
52.65061	16.60921	69.25983	65.4227836658519
52.79926	16.44682	69.24608	65.4228519677448
52.98272	15.66927	68.65199	65.423261779102
53.22314	15.35677	68.5799	65.423500835727
53.49286	14.86813	68.36099	65.4246414773378
53.80276	14.73456	68.53732	65.4268271379095
54.1692	14.22832	68.39752	65.4284458927704
54.52832	13.25148	67.77979	65.4294157796491
54.88701	12.91022	67.79723	65.4312599307565
55.22637	12.35165	67.57803	65.4330494403496
55.55	11.79677	67.34676	65.433916874389
55.80617	11.49788	67.30405	65.4351189877034
56.02217	22.79679	78.81895	65.4360000821213
56.21642	22.4745	78.69093	65.4372636671393
56.36819	22.26917	78.63736	65.4372978180858
56.49217	22.22885	78.72102	65.4401255164504
56.59827	22.1672	78.76547	65.4433288752258
56.7091	22.23567	78.94478	65.4452344980367
56.81787	22.33894	79.15681	65.447338196337
56.93439	22.58872	79.52312	65.4487247247621
57.0655	22.77066	79.83617	65.4504186117052
57.19048	22.82416	80.01464	65.4521671401625
57.31568	22.85328	80.16896	65.4543869516807
57.43671	22.84697	80.28369	65.4552338951522
57.55301	22.81124	80.36426	65.4564018575202
57.6372	22.75798	80.39517	65.4570917066381
57.69328	8.918039	66.61132	65.4625148769316
57.72551	8.819356	66.54487	65.4675897075715
57.73699	8.796048	66.53304	65.4700554059039
57.74256	8.790441	66.533	65.4726030665078
57.75748	8.825657	66.58314	65.4741876704223
57.78674	8.763719	66.55046	65.4757039724439
57.81959	8.606151	66.42574	65.477589104687
57.85749	8.529058	66.38655	65.4794059350372
57.91152	8.479823	66.39134	65.4814003503089
57.97371	8.426274	66.39999	65.4834015957698
58.03162	8.347438	66.37905	65.4835381995555
58.07633	8.243145	66.31947	65.4827254070304
58.10471	8.205497	66.31021	65.483763595802
58.13186	8.099194	66.23106	65.4849657091164
58.1791	7.983279	66.16238	65.486195143188
58.25551	7.793619	66.04913	65.4883056716775
58.34633	7.673375	66.01971	65.4885378981133
58.43961	7.454983	65.89459	65.488913558524
58.53443	6.983171	65.5176	65.4893028793134
58.62437	6.909782	65.53416	65.4891526151491
58.69159	6.798841	65.49043	65.4904093699778
58.73901	6.747152	65.48617	65.4908465020921
58.76559	6.724733	65.49033	65.4920281248387
58.76747	6.744536	65.512	65.4932643890996
58.75395	6.827283	65.58124	65.4938586155675
58.72953	6.866414	65.59595	65.4943162382497
58.69747	7.03093	65.7284	65.4947738609319
58.67476	7.263148	65.9379	65.4948148420676
58.66856	7.285858	65.95441	65.494753370364
58.67522	7.282383	65.95761	65.4947806911212
58.6806	7.252795	65.93339	65.4948353326354
58.67427	7.253823	65.9281	65.494562125064
58.6546	7.26169	65.91629	65.4939405778389
58.62348	7.293663	65.91714	65.4934009928853
58.59067	7.331468	65.92213	65.4925472192245
58.5465	7.368627	65.91512	65.4915431813994
58.51828	7.384586	65.90286	65.49124948326
58.48117	7.422354	65.90353	65.4902522756242
58.44652	7.458326	65.90485	65.4895419359384
58.41349	7.478976	65.89246	65.4888794075776
58.38619	7.514418	65.90061	65.488339822624
58.36886	7.527854	65.89671	65.4878275584275
58.35381	7.539863	65.89367	65.4872265017703
58.33665	7.557852	65.89451	65.4861814828094
58.32687	7.569942	65.8968	65.4859629167523
58.32907	7.569786	65.89886	65.4852730676343
58.34438	7.554423	65.8988	65.4846651807878
58.37117	7.528924	65.9001	65.4852047657415
58.40283	7.490564	65.89339	65.484788124195
58.42769	7.47139	65.89909	65.4850408411986
58.43937	7.432656	65.87202	65.4849657091164
58.43347	7.42283	65.8563	65.4847471430593
58.41288	7.467634	65.88052	65.4848154449521
58.3861	7.486109	65.87222	65.48502718082
58.35359	7.542257	65.89585	65.4850135204414
58.31742	7.584368	65.90179	65.4848427657093
58.27101	7.617493	65.8885	65.4845968788949
58.21016	7.680609	65.89077	65.4845012562449
58.1492	8.34852	66.49773	65.4843714826485
58.08947	8.385625	66.4751	65.4843851430271
58.03082	11.63002	69.66084	65.4844397845414
57.97094	15.59801	73.56895	65.4844602751092
57.9205	11.206	69.1265	65.4844671052985
57.88187	20.1111	77.99297	65.4844602751092
57.85632	20.15819	78.01451	65.4847539732485
57.85009	20.1995	78.04959	65.4842553694306
57.85614	20.22247	78.07861	65.4842895203771
57.86664	20.2788	78.14544	65.4839821618592
57.87846	9.416448	67.29491	65.4842212184842
57.88895	9.412397	67.30135	65.4847608034378
57.90048	9.402848	67.30333	65.484883746845
57.91291	9.395718	67.30862	65.4849588789271
57.91899	9.370938	67.28993	65.4850681619557
57.91333	9.371987	67.28532	65.4846788411664
57.89167	9.373854	67.26553	65.4835381995555
57.85361	9.391512	67.24512	65.4826707655161
57.81001	9.398102	67.20811	65.4816735578803
57.76076	9.39919	67.15995	65.4811681238731
57.70057	9.457396	67.15796	65.4808061238409
57.64006	9.49165	67.13171	65.4806353691088
57.57811	9.487548	67.06565	65.4802665388873
57.51744	9.543119	67.06056	65.4799386898015
57.46194	9.591365	67.05331	65.4797201237444
57.41829	9.596937	67.01522	65.4793717840908
57.38049	9.621509	67.002	65.4789073312193
57.34393	9.632352	66.97629	65.478565821755
57.31036	9.641512	66.95187	65.4782448028585
57.27361	9.650276	66.92389	65.4780467273692
57.23766	9.667699	66.90536	65.4779511047192
57.20781	9.681701	66.88951	65.477923783962
57.19352	9.609774	66.80329	65.4777598594191
57.18812	9.497756	66.68587	65.4775754443084
57.18333	9.460139	66.64347	65.4771178216262
57.17022	9.456793	66.62701	65.476564576294
57.1473	9.468821	66.61612	65.4757586139582
57.11717	9.497902	66.61507	65.4757176328225
57.0839	9.511468	66.59537	65.4752190290046
57.04977	9.58464	66.63441	65.4749594818117
57.00476	9.639188	66.64395	65.4744881987509
56.94242	9.668431	66.61086	65.4737915194437
56.87729	9.767083	66.64437	65.4732724250579
56.81313	9.801729	66.61486	65.47267819859
56.75172	9.97636	66.72809	65.4723708400721
56.68838	10.01412	66.7025	65.4727055193471
56.63639	10.08974	66.72614	65.4731904627865
56.59924	10.13104	66.73029	65.4732177835436
56.58329	10.14148	66.72478	65.4713736324362
56.59304	10.1571	66.75014	65.470676953129
56.62601	10.11713	66.74315	65.4699392926861
56.67641	10.04776	66.72417	65.4696797454932
56.73973	10.00372	66.74346	65.4693245756503
56.79594	9.930305	66.72624	65.4694475190574
56.83551	9.870439	66.70596	65.4694475190574
56.85544	9.807304	66.66275	65.4692904247038
56.86104	9.710878	66.57192	65.4694270284896
56.86497	9.652476	66.51745	65.4697548775753
56.87262	9.650317	66.52294	65.4700758964718
56.88946	9.639289	66.52875	65.4704583870718
56.91904	9.622755	66.5418	65.4708613682398
56.96593	9.603839	66.56977	65.4716263494398
57.03695	9.515166	66.55211	65.4715238966005
57.11729	9.397809	66.5151	65.4718995570113
57.20279	9.286646	66.48943	65.4722615570435
57.28674	9.182903	66.46965	65.4723298589364
57.37072	8.936438	66.30716	65.4726645382114
57.44481	9.501439	66.94625	65.4725074438578
57.51367	23.71991	81.23358	65.4727123495364
57.57785	17.12546	74.70332	65.4726850287793
57.62632	17.07952	74.70584	65.4728284627543
57.66413	17.06249	74.72662	65.4727328401043
57.69287	17.05857	74.75144	65.4723776702614
57.71392	17.05336	74.76728	65.471701481522
57.72263	17.0547	74.77733	65.4716263494398
57.72018	17.05943	74.77961	65.4713736324362
57.7079	17.07548	74.78338	65.4714214437612
57.6914	17.09382	74.78522	65.4713941230041
57.67491	10.47649	68.15141	65.4712985003541
57.66027	10.38298	68.04325	65.4711277456219
57.64278	10.34655	67.98933	65.4710389531612
57.6212	10.12914	67.75034	65.4707179342647
57.58988	10.04171	67.63159	65.4711892173255
57.54895	10.00883	67.55779	65.4711618965684
57.51165	9.98759	67.49924	65.4715785381148
57.47583	10.00036	67.47619	65.4717629532256
57.44257	10.00699	67.44955	65.4718517456863
57.41075	10.04598	67.45673	65.4721386136363
57.38839	9.985365	67.37375	65.4730060476757
57.37532	9.885051	67.26038	65.4731016703257
57.37469	9.809408	67.1841	65.474085217583
57.38451	9.729973	67.11448	65.4746589534831
57.40435	9.715049	67.11939	65.4748570289724
57.42644	9.577191	67.00363	65.4749389912438
57.44628	9.533082	66.97936	65.4749799723795
57.45953	9.464211	66.92374	65.4749936327581
57.46679	9.442878	66.90967	65.475109745976
57.46747	9.441005	66.90848	65.475205368626
57.46069	9.413462	66.87415	65.4752258591938
57.45135	9.391408	66.84276	65.474870689351
57.44423	9.402264	66.8465	65.4750209535152
57.43918	9.40661	66.84579	65.4749253308652
57.43364	9.410768	66.84441	65.4742628025044
57.42307	9.426669	66.84974	65.4738734817151
57.40732	9.439151	66.84647	65.4728626137007
57.38668	9.445917	66.8326	65.4723298589364
57.36593	9.426941	66.79288	65.4717424626577
57.34321	9.459392	66.8026	65.4712438588398
57.31483	9.422123	66.73695	65.4704105757468
57.28373	9.445666	66.7294	65.4698778209825
57.25133	9.479837	66.73116	65.4700212549575
57.22027	9.556314	66.77658	65.470198839879
57.19666	9.573742	66.7704	65.4699188021182
57.17796	9.594419	66.77238	65.469030877511
57.16194	9.614804	66.77675	65.4688054812645
57.14671	9.624043	66.77075	65.4686347265324
57.13513	9.627555	66.76268	65.4679243868465
57.12476	9.609262	66.73402	65.4679653679823
57.11465	9.606316	66.72096	65.4673438207572
57.10463	9.61274	66.71737	65.4668725376964
57.09298	9.628086	66.72106	65.4666334810714
57.0801	9.640431	66.72053	65.4662168395249
57.06845	9.638658	66.70711	65.4661075564963
57.05885	9.631311	66.69016	65.465670424382
57.05183	9.641023	66.69285	65.465622613057
57.04472	9.609508	66.65423	65.4653494054855
57.03724	9.564354	66.60159	65.4652196318891
57.02938	9.574482	66.60387	65.4650283865891
57.02211	9.583511	66.60562	65.4648917828033
57.0182	9.588351	66.60654	65.4647210280712
57.01915	9.588433	66.60758	65.464645895989
57.02456	9.580905	66.60547	65.4645434431497
57.03376	9.573209	66.60697	65.4645366129604
57.04276	9.560736	66.60349	65.4647346884497
57.05216	9.539184	66.59134	65.4649532545069
57.06303	9.529658	66.59268	65.4649122733712
57.07554	9.517853	66.59339	65.4648781224248
57.08713	9.48133	66.56846	65.4650215563998
57.09804	9.471436	66.56947	65.4652401224569
57.10672	9.467097	66.57381	65.4652128016998
57.11329	9.472286	66.58558	65.4649395941283
57.11655	9.478365	66.59492	65.4649122733712
57.11782	9.478054	66.59587	65.4648098205319
57.12016	9.495066	66.61522	65.4648303110998
57.12285	9.494113	66.61696	65.4649600846962
57.12535	9.493202	66.61856	65.4649259337498
57.12842	9.489806	66.61823	65.4651444998069
57.13358	9.482201	66.61578	65.4652606130248
57.13974	9.46446	66.6042	65.4652606130248
57.14497	9.456773	66.60174	65.4653494054855
57.1475	9.451783	66.59929	65.465431367757
57.14874	9.449142	66.59788	65.4655816319213
57.15322	9.450493	66.60371	65.465718235707
57.16089	9.438839	66.59973	65.4657455564641


0	0	0	2.00876571279918
0.01978234	0.03426402	0.05404636	3.53124969604188
0.03426402	0.04423466	0.07849868	5.25624302865779
0.04423466	0.08846933	0.132704	6.96505820417491
0.05233916	0.1046783	0.1570175	8.65995686902073
0.06255726	0.1170339	0.1795912	11.1232492672794
0.06852804	0.1186941	0.1872221	12.3264178459523
0.07661668	0.1440177	0.2206343	13.7987343023289
0.08846933	0.1690205	0.2574898	15.462324233259
0.1046783	0.183454	0.2881323	17.1723696966213
0.1219466	0.2229358	0.3448824	18.7204782021895
0.1557664	0.2398483	0.3956147	20.9271159927231
0.1938267	0.2462884	0.440115	22.0411676766801
0.2832403	0.2832403	0.5664806	23.2563812941597
0.4528397	4.675668	5.128508	24.7123778670098
0.7519946	7.971664	8.723659	26.1049185662935
1.155044	12.4356	13.59065	27.578511414293
1.684234	11.91246	13.59669	28.9677275189415
2.396289	11.14684	13.54313	30.3255896396702
3.195982	10.72056	13.91655	31.5570488623678
4.11504	9.688055	13.80309	32.8424563351451
5.142928	8.58236	13.72529	34.019786307747
6.537651	10.98856	17.52621	35.7572840093992
7.610276	13.44295	21.05322	36.5886888003012
8.921014	13.86339	22.7844	37.517895071597
10.35777	12.80555	23.16332	38.601637790595
11.70237	11.9354	23.63777	39.7288922304428
13.0465	10.77163	23.81812	40.7661725868192
14.40608	10.2482	24.65428	41.7531383538165
15.8779	8.836823	24.71473	42.7012881550984
17.23752	8.261442	25.49896	43.645401314512
18.559	12.40313	30.96213	44.5521260177712
19.92167	13.77102	33.69269	45.455838607555
21.32095	13.38164	34.70259	46.67406433851
22.33771	13.10547	35.44318	47.3065262060635
23.49287	12.18803	35.6809	47.982851549215
24.69305	11.75398	36.44703	48.7770318085055
25.77316	10.98182	36.75498	49.5623772179538
26.80585	13.93482	40.74066	50.2756094889151
27.86236	14.7028	42.56516	51.0057259877926
28.80994	14.77476	43.5847	51.7204813909648
29.72503	13.84396	43.569	52.3822447705575
30.59784	13.6831	44.28094	53.0495303581883
31.48087	13.33881	44.81968	53.700102472635
32.3821	13.21152	45.59362	54.5687454555271
33.05889	12.75682	45.81571	55.001584795898
33.92241	12.40152	46.32394	55.549396712529
34.73669	11.77847	46.51516	56.1134508192833
35.54188	11.42186	46.96374	56.6472335271197
36.33954	11.10491	47.44445	57.1974667458528
37.19169	12.44004	49.63174	57.7241221511687
37.97676	14.45328	52.43004	58.2424583859337
38.73231	14.12258	52.8549	58.7352428825777
39.49691	13.94529	53.4422	59.2287582094755
40.17664	13.89997	54.07661	59.7156619131439
40.92287	13.61418	54.53704	60.3446813652969
41.46352	13.42704	54.89056	60.6639585634955
42.13258	12.97068	55.10327	61.036490747561
42.7666	12.58501	55.35162	61.4575582566966
43.40685	12.45387	55.86073	61.8737490106816
44.08873	11.94969	56.03842	62.2876311606877
44.72707	11.51986	56.24693	62.6706613456867
45.3826	11.23005	56.61265	63.0676797583444
46.05518	10.72034	56.77552	63.4444193390105
46.78172	10.13289	56.91461	63.8080449562464
47.45884	9.628331	57.08717	64.1721350263538
48.28052	9.379471	57.65999	64.6612653717296
48.86356	8.976187	57.83974	64.9117284128664
49.55129	8.474009	58.0253	65.1819511916091
50.2426	8.161688	58.40429	65.5082429942049
50.92742	7.60473	58.53215	65.526220052407
51.64943	7.424943	59.07437	65.5311856000183
52.31782	7.446688	59.76451	65.535802807976
52.97819	7.468947	60.44714	65.5390334875085
53.67787	7.013499	60.69137	65.5433911482733
54.3148	6.665857	60.98066	65.5474892618453
54.92725	7.508541	62.43579	65.5505218658885
55.64351	7.497242	63.14075	65.5545926587032
56.13993	7.502474	63.64241	65.5584039043251
56.70712	7.291672	63.99879	65.5616619046148
57.24644	6.839195	64.08564	65.5648652633902
57.77633	6.418907	64.19524	65.5685877165513
58.21635	6.191566	64.40791	65.5700562072479
58.59523	5.913971	64.5092	65.5738264717341
58.90713	5.669323	64.57645	65.5749466227771
59.17291	5.291687	64.4646	65.5787715287775
59.37135	4.408867	63.78022	65.5826032649673
59.52749	4.276542	63.80403	65.587316095575
59.64529	4.196054	63.84134	65.5895222467145
59.70809	4.160242	63.86833	65.5926368130292
59.72947	4.085332	63.8148	65.5934837565007
59.72007	4.020536	63.7406	65.5948771151152
59.68483	4.023019	63.70785	65.5978619078334
59.6414	3.981331	63.62273	65.6002661344622
59.59589	3.954334	63.55022	65.6031894554769
59.5454	3.945013	63.49041	65.6064133048201
59.49263	3.925556	63.41819	65.6093844371597
59.43524	3.893198	63.32844	65.6116657203814
59.37838	3.801276	63.17966	65.6139743243603
59.31256	3.5704	62.88297	65.6148212678318
59.23751	3.239484	62.477	65.6165697962892
59.1409	3.157713	62.29861	65.6171913435142
59.031	3.075935	62.10694	65.616590286857
58.94408	3.043046	61.98712	65.6143909659068
58.87373	2.979073	61.8528	65.610033305142
58.80522	2.916986	61.7222	65.6086604370954
58.71047	2.88378	61.59425	65.6086672672846
58.58538	2.732586	61.31797	65.6091453805347
58.41529	2.48538	60.90067	65.6091453805347
58.19947	2.492222	60.69169	65.6092068522383
57.993	38.04826	96.04126	65.6091863616704
57.7935	41.22482	99.01833	65.6092136824276
57.59595	41.16195	98.7579	65.6079705879774
57.40076	41.1474	98.54816	65.6059078708129
57.26278	41.1455	98.40828	65.6039407762984
57.17328	41.18176	98.35503	65.6030118705554
57.10811	41.20313	98.31124	65.6029094177161
57.0509	41.22142	98.27232	65.6021990780303
56.99916	4.378688	61.37785	65.6013179836123
56.95765	4.271364	61.22902	65.6004642099515
56.91565	3.95369	60.86934	65.6000953797301
56.85986	3.743765	60.60363	65.5999860967015
56.77095	3.622231	60.39318	65.6000065872693
56.64117	3.540331	60.1815	65.6000748891622
56.51358	3.604566	60.11815	65.5999587759443
56.39725	3.606358	60.00361	65.599760700455
56.28834	3.582608	59.87094	65.5998768136729
56.16964	3.520643	59.69028	65.6001158702979
56.06634	3.516303	59.58264	65.5998973042407
55.98971	3.55132	59.54103	65.5992962475835
55.93707	3.608583	59.54565	65.599473832505
55.91186	3.620013	59.53187	65.6009081722551
55.90775	3.614167	59.52192	65.601666323266
55.92779	3.582226	59.51002	65.6023220214375
55.98215	3.512905	59.49506	65.6025815686304
56.07236	3.408409	59.48077	65.6039407762984
56.20069	3.447362	59.64805	65.6040022480019
56.35837	3.319892	59.67826	65.6037700215662
56.50209	3.279665	59.78175	65.6037290404305
56.63379	3.171632	59.80542	65.602977719609
56.75801	3.00231	59.76031	65.6024996063589
56.86521	2.88344	59.74865	65.6025815686304
56.92944	2.751504	59.68094	65.6039612668662
56.96422	2.724623	59.68885	65.6057985877843
56.99692	2.714258	59.71117	65.6082984370632
57.03093	2.702478	59.73341	65.6098010787062
57.05894	2.691737	59.75068	65.6114061731885
57.06927	2.690355	59.75962	65.612990777103
57.05323	2.721461	59.7747	65.6150944754033
57.04842	2.703636	59.75205	65.617375758625
57.09585	2.689045	59.78489	65.6191925889752
57.14898	40.83541	97.98438	65.6211528533004
57.21061	45.04766	102.2583	65.622621343997
57.2734	45.02456	102.298	65.6241854573436
57.3344	44.97543	102.3098	65.6254968536866
57.39516	44.91484	102.31	65.6270131557083
57.43624	44.88205	102.3183	65.628556778487
57.46162	44.81629	102.2779	65.6295949672586
57.47523	44.76723	102.2425	65.6304555711087
57.46949	44.72397	102.1935	65.6308858730337
57.4415	44.57239	102.0139	65.6322382505124
57.39699	44.38688	101.7839	65.6337613827233
57.35511	44.27725	101.6324	65.6350727790663
57.34145	1.776521	59.11797	65.6365071188165
57.35994	1.916119	59.27606	65.6376545906166
57.40384	2.225807	59.62965	65.6387679114704
57.4408	2.340339	59.78114	65.6396694964562
57.46429	2.48065	59.94494	65.6410082135563
57.48096	2.605041	60.086	65.6421147042207
57.49605	2.747517	60.24356	65.6430572703423
57.50802	2.765908	60.27393	65.6436651571888
57.51648	2.830961	60.34743	65.6443754968746
57.52131	2.917792	60.43911	65.6449219120175
57.5196	2.964977	60.48458	65.6460693838176
57.51401	3.029765	60.54378	65.6473671197821
57.51103	3.076699	60.58773	65.6483643274179
57.52044	3.093261	60.6137	65.6483779877965
57.53269	3.087369	60.62006	65.6482208934429
57.53558	3.088891	60.62447	65.6483984783644
57.52683	3.116338	60.64317	65.6488492708573
57.51325	3.130941	60.64419	65.6488561010465
57.49939	3.156845	60.65624	65.6490473463466
57.48032	3.244617	60.72494	65.6493956860002
57.45159	3.324547	60.77614	65.6497986671681
57.41459	3.373304	60.7879	65.6501879879574
57.37072	3.421252	60.79197	65.6503177615539
57.32061	3.445942	60.76655	65.6505431578003
57.2784	3.531028	60.80943	65.6511715352147
57.24556	3.562549	60.80811	65.651608667329
57.22667	3.582226	60.8089	65.6517794220612
57.22028	3.576098	60.79638	65.6518408937648
57.22623	3.553965	60.78019	65.6514993843004
57.23947	3.561889	60.80136	65.6517179503576
57.2522	3.562274	60.81448	65.6522165541755
57.26609	3.540055	60.80614	65.6523258372041
57.28662	3.481216	60.76784	65.6520526296326
57.30476	3.441394	60.74615	65.6515950069504
57.31211	3.430225	60.74234	65.6513969314611
57.30652	3.409385	60.71591	65.6516018371397
57.29236	3.403408	60.69577	65.6514310824076
57.2645	3.376147	60.64065	65.6509256484004
57.21711	3.371098	60.58821	65.6506524408289
57.14092	3.453321	60.59424	65.6502289690931
57.04465	3.554406	60.59906	65.6499284407645
56.94385	3.753481	60.69733	65.6489312331287
56.86842	3.916167	60.78459	65.6481867424965
56.82117	3.919715	60.74088	65.6479408556822
56.81256	3.912665	60.72523	65.6470802518321
56.85146	3.816698	60.66816	65.6461376857105
56.92845	3.671199	60.59965	65.6454751573497
57.03182	3.587742	60.61956	65.6458030064355
57.15047	3.420107	60.57058	65.6463289310105
57.25375	3.308905	60.56266	65.6462537989284
57.34087	3.266806	60.60768	65.6458576479498
57.41217	3.206317	60.61849	65.6458030064355
57.45774	3.219601	60.67735	65.6460284026819
57.48569	3.193654	60.67935	65.6459396102212
57.50074	3.16669	60.66743	65.6457620252998
57.50024	3.163164	60.6634	65.6460762140069
57.48016	3.161431	60.64159	65.6463699121463
57.44107	3.171817	60.61288	65.6465611574463
57.38392	3.207111	60.59103	65.6468480253963
57.3171	3.283185	60.60029	65.6469641386142
57.24017	3.324547	60.56472	65.6472988178892
57.15372	3.403466	60.55718	65.6475242141357
57.06711	3.481722	60.54884	65.6477154594357
57.00711	3.512626	60.51973	65.6477905915178
56.97802	3.525478	60.5035	65.6479476858714
56.97556	3.505261	60.48082	65.6474490820535
56.98876	3.465489	60.45425	65.6472510065642
57.00796	3.447249	60.45521	65.6470392706963
57.02804	3.417416	60.44546	65.6468616857749
57.04705	3.412887	60.45994	65.6469709688035
57.05822	3.408983	60.46721	65.6469573084249
57.06091	3.433306	60.49421	65.6469573084249
57.05658	3.454227	60.51081	65.6470529310749
57.04969	3.457457	60.50714	65.6467592329356
57.04437	3.543316	60.58769	65.6466294593392
57.0388	3.541382	60.58018	65.6463699121463
57.03099	3.517472	60.54847	65.6461513460891
57.02108	3.503082	60.52416	65.645721044164
57.00388	3.484083	60.48796	65.6455912705676
56.98028	3.492502	60.47279	65.6457278743533
56.95362	3.497376	60.451	65.6458917988962
56.93235	3.507048	60.43939	65.6458849687069
56.91794	3.518752	60.4367	65.6457278743533
56.90978	3.527089	60.43687	65.645816666814
56.90724	3.537067	60.44431	65.6459942517355
56.90739	3.559525	60.46692	65.6458849687069
56.90995	3.583045	60.493	65.6457893460569
56.91832	3.595156	60.51347	65.6457142139748
56.92772	3.580749	60.50846	65.645481987539
56.93027	3.568535	60.4988	65.6453795346997
56.91916	3.565681	60.48484	65.6452975724283
56.90136	3.575824	60.47718	65.6453317233747
56.87941	3.587687	60.4671	65.6452565912926
56.85487	3.660142	60.51501	65.6451814592104
56.82393	3.682807	60.50674	65.6448467799354
56.79247	3.727201	60.51966	65.6445121006603
56.76294	3.796843	60.55979	65.6442730440353
56.73653	3.812232	60.54876	65.6439520251388
56.71899	3.821006	60.54	65.6436514968102
56.70552	3.834358	60.53988	65.6431324024244
56.69204	3.836808	60.52885	65.6426542891744
56.67707	3.845984	60.52305	65.6421488551672
56.66705	3.848071	60.51512	65.641786855135
56.65944	3.846798	60.50624	65.6418005155136
56.64592	3.847765	60.49369	65.6414316852921
56.62445	3.869182	60.49363	65.6414931569957
56.59699	3.904749	60.50174	65.6416365909707
56.5681	3.922712	60.49081	65.6416639117278
56.53567	3.954384	60.49006	65.6416365909707
56.50482	3.980642	60.48546	65.6417663645671
56.47177	3.992676	60.46444	65.641595609835
56.43492	4.028322	60.46324	65.6417731947564
56.40156	4.062354	60.46391	65.64173904381
56.3712	4.085284	60.45648	65.6415068173743
56.34098	4.10761	60.44859	65.6413497230207
56.30648	4.121508	60.42799	65.6413633833992
56.27293	4.132091	60.40503	65.6409604022313
56.24281	4.143544	60.38635	65.6405984021991
56.21975	4.161231	60.38099	65.6405027795491
56.20499	4.18362	60.38861	65.6403525153848
56.19455	4.175701	60.37025	65.6404208172777
56.19042	4.140282	60.3307	65.6403183644384
56.19105	4.121888	60.31293	65.6402227417884
56.19054	4.115993	60.30653	65.6401476097062
56.18438	4.117467	60.30185	65.6401271191384
56.16848	4.088447	60.25692	65.6405642512527
56.14996	4.067798	60.21776	65.6407691569313
56.13114	4.0703	60.20144	65.6408989305278
56.11257	4.081016	60.19358	65.6410628550706
56.0928	4.10761	60.20041	65.6409945531778
56.07201	4.11975	60.19176	65.6410082135563
56.05157	4.15025	60.20182	65.6413087418849
56.02987	4.190309	60.22018	65.6413770437778
56.01357	4.215657	60.22922	65.6416297607814
56.00499	4.223362	60.22835	65.641691232485
56.00618	4.227024	60.23321	65.6416297607814
56.01893	4.215007	60.23394	65.6421556853565
56.04296	4.203654	60.24662	65.6422444778172
56.07299	4.162266	60.23526	65.6421078740315
56.10412	4.117134	60.22126	65.6423947419815
56.12704	4.100786	60.22783	65.6427021004994
56.14341	4.063993	60.2074	65.6430094590173


0	0.02797646	0.02797646	1.92518788815122
0.04423466	0.03956468	0.08379934	3.5954829305265
0.07132626	1.561099	1.632426	5.25415469828344
0.1027921	4.089357	4.192149	7.04979310557668
0.1398823	4.806523	4.946405	8.73315942269904
0.174713	4.824951	4.999664	10.3976919197506
0.2027088	4.96988	5.172589	12.2457558717994
0.2211734	4.983029	5.204203	13.7870888295954
0.2289973	5.203076	5.432074	16.153315700356
0.2349025	5.221046	5.455948	17.3220157287944
0.2564087	5.228621	5.48503	18.5470272528055
0.3000144	5.180924	5.480938	20.1166901282147
0.3789758	5.170172	5.549148	21.6275911776445
0.5039662	5.005703	5.509669	23.1378962930591
0.7052664	4.794199	5.499465	24.6192858021292
0.9693463	4.655725	5.625072	25.9767278662167
1.319231	4.573632	5.892863	27.3576145550303
1.756914	9.393187	11.1501	28.6913848905981
2.327845	10.80143	13.12927	30.0218921032342
3.075553	13.57354	16.64909	31.8037279786399
3.755098	15.19623	18.95132	32.7220264376451
4.747223	16.3562	21.10343	33.7290524705768
5.767044	15.57976	21.34681	34.9763235814728
6.809506	14.43734	21.24685	36.0706086976345
7.818487	13.2082	21.02669	37.1554647374862
8.852749	12.63588	21.48863	38.2294300405206
9.813578	11.86453	21.67811	39.285329492892
10.79871	10.93895	21.73766	40.2702359578194
11.88329	10.50339	22.38668	41.2727540658221
12.93274	12.4851	25.41784	42.2443997182496
14.27658	13.92272	28.19929	43.5510046834776
15.25331	14.22868	29.48199	44.2187171579388
16.39937	14.71012	31.10949	44.9224042393722
17.5387	14.02968	31.56838	45.7862012029655
18.67951	13.15405	31.83356	46.5755251976733
19.89667	12.55394	32.45061	47.3808762315419
21.02061	11.44276	32.46336	48.1844377558174
22.10971	10.5543	32.66401	48.8972704607054
23.21735	10.17434	33.39169	49.633264337464
24.21036	10.00722	34.21759	50.3459160423359
25.20403	11.79109	36.99512	51.0416391230612
26.5136	12.80327	39.31687	52.0054061521468
27.33011	12.75649	40.0866	52.4866886100323
28.37917	12.06389	40.44306	52.9986556932876
29.42257	10.94129	40.36386	53.5665449513263
30.43972	10.50448	40.9442	54.1835193646726
31.65623	9.658259	41.31449	55.0093917022525
32.33741	8.879427	41.21684	55.4417426840895
33.13487	8.913324	42.04819	55.8438086066299
33.92358	11.47846	45.40203	56.3816382016186
34.60934	12.96691	47.57625	56.9251949103241
35.23793	12.3131	47.55103	57.4154180859857
35.91195	12.19511	48.10706	58.0941203350089
36.3289	12.00461	48.33351	58.4646512736135
36.76268	11.64408	48.40677	58.8029642093536
37.16136	11.62585	48.78721	59.2518715700211
37.56154	11.37305	48.93459	59.7017010062422
37.91002	11.29869	49.20871	60.112905722048
38.22681	11.17988	49.40668	60.5304488535118
38.52391	10.94507	49.46897	60.9580801745517
38.84048	12.11865	50.95913	61.3411991520114
39.15851	13.62745	52.78596	61.7172352231809
39.49529	14.7415	54.23679	62.0942480114184
39.91117	15.26254	55.17371	62.6223787376203
40.20736	14.87138	55.07874	62.8985437810422
40.56147	14.70308	55.26456	63.1638078423629
40.95393	14.28447	55.2384	63.5204803269052
41.32565	13.89582	55.22147	63.8367727323855
41.68794	13.5811	55.26904	64.1660834786459
42.03559	13.35615	55.39174	64.4856338844159
42.38181	13.26882	55.65063	64.4843702993979
42.66679	13.04292	55.70972	64.4840561106907
42.9223	12.9586	55.8809	64.4846230164015
43.16749	13.21582	56.38331	64.4834345634657
43.44922	14.3405	57.78972	64.4832979596799
43.67218	15.20759	58.87978	64.4821573180691
43.90105	15.07074	58.97179	64.4816996953869
44.1384	15.55049	59.68889	64.4818431293619
44.3604	15.43349	59.79389	64.4814333180047
44.58499	15.31792	59.90291	64.481774827469
44.82456	15.04348	59.86805	64.4817406765226
45.03966	14.84572	59.88538	64.4811874311904
45.23935	14.88121	60.12056	64.481631393494
45.42599	14.68275	60.10874	64.4814128274369
45.61536	14.4954	60.11076	64.4809756953225
45.78745	14.41136	60.19882	64.4808254311582
45.95436	14.15636	60.11072	64.4804907518832
46.12182	13.96946	60.09128	64.480319997151
46.25365	13.80523	60.05888	64.4791793555402
46.35355	13.73705	60.09059	64.4790769027009
46.42573	13.64914	60.07487	64.4793501102723
46.4814	13.58937	60.07077	64.4797257706831
46.51335	13.49231	60.00566	64.4799306763617
46.53399	12.97604	59.51003	64.4796847895474
46.54797	12.72487	59.27284	64.4790154309973
46.54942	12.65802	59.20744	64.4778679591971
46.53683	12.59258	59.12941	64.477601581815
46.51192	12.61088	59.12281	64.4770210157256
46.47813	12.62484	59.10297	64.4767273175863
46.44526	12.66444	59.10969	64.4764131288791
46.41059	12.67786	59.08844	64.4763448269863
46.37352	12.2492	58.62273	64.4764062986898
46.33271	12.27125	58.60397	64.4766931666399
46.29541	12.30708	58.60249	64.4773078836757
46.26075	12.28045	58.5412	64.4778474686293
46.22682	12.25971	58.48653	64.4782367894186
46.1945	12.27878	58.47328	64.4782777705543
46.16327	12.29993	58.4632	64.4784553554758
46.13929	12.3115	58.45079	64.4785441479365
46.11845	12.29624	58.41469	64.4783255818793
46.09993	12.27266	58.3726	64.4788583366437
46.07981	12.284	58.36381	64.4790017706187
46.06009	12.29129	58.35137	64.4793364498938
46.04234	12.2989	58.34124	64.4798623744688
46.02406	12.3148	58.33886	64.4804087896117
45.99937	12.29828	58.29765	64.4809825255118
45.97174	12.32525	58.29699	64.4813308651654
45.94051	12.36432	58.30484	64.4817679972798
45.91176	12.39479	58.30655	64.4818977708762
45.88408	12.43481	58.31889	64.4822187897727
45.86271	12.47713	58.33984	64.4823280728013
45.84025	12.50289	58.34314	64.4827173935906
45.81898	12.51812	58.3371	64.4827447143477
45.79778	12.5315	58.32928	64.4826832426441
45.7784	12.55932	58.33772	64.4829154690799
45.76196	12.56527	58.32722	64.4826627520763
45.74586	12.51843	58.26429	64.4830452426763
45.72994	12.5335	58.26344	64.4832638087335
45.71349	12.54162	58.25511	64.4832433181656
45.69769	12.47795	58.17565	64.4834140728978
45.67911	12.46714	58.14625	64.4836599597121
45.6594	12.42743	58.08683	64.4834482238442
45.63844	12.43647	58.07492	64.4835438464942
45.61491	12.4167	58.03162	64.4824578463977
45.5915	12.44624	58.03774	64.4815767519797
45.5669	12.46565	58.03255	64.481487959519
45.54129	12.47057	58.01186	64.481248902894
45.51562	12.43819	57.95381	64.4804975820725
45.49247	12.44743	57.9399	64.4809620349439
45.47057	12.45924	57.92981	64.4804019594225
45.44996	12.47912	57.92908	64.4800877707153
45.43163	12.46201	57.89364	64.4803882990439
45.41618	12.46711	57.88329	64.4801355820403
45.40306	12.40103	57.80409	64.4802858462046
45.39183	12.34731	57.73914	64.4802790160153
45.3802	12.34101	57.72122	64.4805795443439
45.36841	12.31315	57.68156	64.4807776198332
45.35838	12.26535	57.62373	64.4809552047547
45.35118	12.23359	57.58477	64.4811874311904
45.3419	12.23322	57.57512	64.481344525544
45.33215	12.22798	57.56013	64.481248902894
45.32331	12.23108	57.55439	64.4809961858904
45.31387	12.23648	57.55035	64.4812557330833
45.30382	12.24556	57.54938	64.4811737708118
45.2906	12.46549	57.7561	64.4814606387619
45.27678	14.68566	59.96244	64.4816996953869
45.26335	6.042994	51.30635	64.4815221104654
45.25147	6.309971	51.56144	64.4817543369012
45.24178	6.314506	51.55629	64.4817543369012
45.22868	6.320403	51.54908	64.4812147519475
45.21384	6.340875	51.55471	64.4812762236511
45.19798	6.362638	51.56062	64.4809620349439
45.18361	6.370953	51.55456	64.4807161481296
45.16994	6.386199	51.55614	64.4808527519154
45.15717	6.398132	51.55531	64.4808800726725
45.14367	6.403707	51.54737	64.4807366386975
45.13145	6.414018	51.54547	64.481105468919
45.12364	14.8099	59.93354	64.4810098462689
45.11813	14.36892	59.48705	64.4807161481296
45.11576	14.2447	59.36047	64.4807024877511
45.11115	14.03183	59.14297	64.4802038839331
45.10252	13.65667	58.75919	64.4802790160153
45.09487	13.56955	58.66442	64.4802175443117
45.08677	13.53081	58.61758	64.4797530914402
45.0772	13.38449	58.46169	64.4798077329545
45.06757	13.34932	58.41689	64.4800126386331
45.06038	13.34149	58.40186	64.480080940526
45.05141	13.26989	58.3213	64.479937506551
45.03993	13.26227	58.3022	64.4795550159509
45.02856	13.26318	58.29174	64.4795345253831
45.01637	13.27096	58.28733	64.4796916197367
45.00233	13.27905	58.28139	64.4795003744366
44.98569	13.2827	58.26839	64.4794389027331
44.96974	13.12589	58.09563	64.4794798838688
44.95426	13.01388	57.96814	64.479152034783
44.94151	12.90197	57.84349	64.4790700725116
44.93206	12.90545	57.83751	64.478960789483
44.92493	12.91281	57.83775	64.4785236573687
44.91788	12.91714	57.83502	64.4784416950972
44.90958	12.91986	57.82943	64.4780933554436
44.90431	12.92908	57.83339	64.477888449765
44.90177	12.93788	57.83965	64.4778474686293
44.90044	12.93161	57.83205	64.4778542988186
44.89889	12.95313	57.85202	64.4778269780614
44.89939	12.9552	57.8546	64.4780523743079
44.90079	12.94441	57.8452	64.4780113931722
44.90176	12.94347	57.84523	64.47793626109
44.9019	12.95502	57.85692	64.4779499214686
44.9006	12.90384	57.80444	64.477792827115
44.89813	12.90565	57.80377	64.4778064874936
44.89653	12.90957	57.80611	64.4779089403329
44.89362	12.91265	57.80627	64.4779704120364
44.89359	12.91248	57.80607	64.4779021101436
44.89563	12.92339	57.81902	64.4779430912793


0.01978234	0	0.01978234	1.8824240730283
0.03426402	0.02797646	0.06224047	3.67189183118801
0.06255726	0.1083524	0.1709096	5.33046370742663
0.09487279	0.1235407	0.2184135	7.00364706609644
0.1412742	0.1769387	0.3182129	8.71616078911221
0.2046302	0.2454926	0.4501228	10.399395198204
0.2839303	0.3403488	0.624279	12.1167139593828
0.3901695	0.386643	0.7768126	13.7953977548624
0.5485832	0.5521386	1.100722	15.5937558581522
0.8057577	0.8353283	1.641086	17.824990867854
1.019332	0.9952432	2.014575	18.9981680853697
1.347265	1.430671	2.777936	20.2586385370618
1.777952	0.9759852	2.753938	21.877760520642
2.256721	5.065774	7.322495	23.338592867507
2.803864	7.887049	10.69091	24.8142108666299
3.404501	12.56779	15.97229	26.2826571670021
4.096438	16.67208	20.76852	27.7153662094798
4.788434	18.13908	22.92751	29.099027662691
5.5218	21.01358	26.53538	30.4832372385924
6.343843	24.03509	30.37894	31.7625180315796
7.319576	27.02856	34.34813	33.6927056182886
7.984631	27.39589	35.38052	34.6223695122666
8.889577	29.96421	38.85379	35.5326800649012
9.947637	30.06484	40.01248	36.7084800751029
11.01753	29.00028	40.01781	37.8646057250648
12.13843	27.65079	39.78922	38.9873624852675
13.34574	26.23748	39.58321	40.0310563893839
14.447	25.5222	39.9692	41.1564530177458
15.52439	24.23888	39.76327	42.1584247106055
16.67887	22.87914	39.558	43.1391032883645
17.79294	22.16025	39.95319	44.1572147185083
19.2197	20.80887	40.02857	45.4791739492524
20.25168	19.10431	39.356	46.2088259952585
21.46835	17.28777	38.75612	46.8614232608286
22.70909	16.52571	39.23479	47.6917318063501
23.99136	14.96103	38.95239	48.5378624853539
25.26244	17.28423	42.54667	49.3280709895743
26.54295	18.89102	45.43397	50.1259941925938
27.63606	20.71696	48.35302	50.9381924912222
28.64922	20.45501	49.10423	51.6489419883778
29.70801	20.0459	49.75391	52.3760702794424
30.7391	18.91091	49.65001	53.1118216844814
32.03791	17.71513	49.75304	54.0598519574508
32.85068	17.11707	49.96776	54.5301104898279
33.86256	15.9214	49.78395	55.0707780284652
34.69795	14.90413	49.60208	55.6943230839051
35.46712	13.99294	49.46006	56.2799742491834
36.28082	13.57399	49.8548	56.8702870186497
37.08092	13.0504	50.13132	57.4811176767328
37.94592	16.83611	54.78203	58.0394514999596
38.90132	16.92382	55.82514	58.5525421493525
39.95997	18.28206	58.24203	59.0771689884504
40.89197	17.17821	58.07018	59.6105931113493
41.84739	16.21374	58.06113	60.294622908016
42.56974	15.71652	58.28626	60.6344111646419
43.3549	14.78132	58.13623	61.0605944855531
44.20169	13.87077	58.07246	61.5233807908508
45.10511	13.30635	58.41147	61.9808190579371
46.04263	12.22774	58.27037	62.4277661542793
46.79705	11.27398	58.07103	62.8504182673294
47.42279	10.95057	58.37336	63.2641296626034
48.00597	10.35043	58.3564	63.6782235484774
48.52765	9.918752	58.4464	64.0850159620042
49.05166	11.98566	61.03732	64.4650067127706
49.71833	12.29559	62.01392	65.004926345681
50.17864	13.08573	63.26437	65.2575272360645
50.65128	12.89615	63.54742	65.5852533784104
51.0259	12.68332	63.70921	65.921694842286
51.32335	12.38008	63.70343	66.2635936274015
51.54145	12.35406	63.89551	66.5831167124143
51.73235	12.35634	64.0887	66.6138867151501
51.91851	12.27816	64.19667	66.6195694326365
52.10342	12.20615	64.30957	66.6239953952942
52.2298	12.04726	64.27706	66.6280183767839
52.29949	12.00298	64.30247	66.6339264905168
52.32876	11.99114	64.3199	66.6388920381281
52.33505	12.18772	64.52277	66.6408181515069
52.34452	13.28827	65.63279	66.6436321894929
52.36385	14.77476	67.13862	66.6464598878576
52.40125	15.35538	67.75663	66.6481606049899
52.45013	15.37678	67.82692	66.6495539636043
52.50743	15.35794	67.86537	66.6489187560007
52.57385	15.29542	67.86927	66.6476073596577
52.63211	15.23542	67.86752	66.6488914352436
52.66404	15.21205	67.87608	66.649950114583
52.65439	15.22117	67.87556	66.6508926807045
52.59769	15.31958	67.91727	66.6498271711758
52.52102	15.36705	67.88807	66.6507150957831
52.44653	15.51859	67.96512	66.6512410203581
52.37939	15.61845	67.99783	66.6522040770475
52.31837	15.65884	67.9772	66.6523065298868
52.24155	15.74564	67.98719	66.6528051337047
52.14354	15.79447	67.93801	66.6527231714333
52.02824	15.85118	67.87943	66.6519035487189
51.92638	15.90841	67.83479	66.6507765674866
51.83678	15.98513	67.82191	66.6503667561295
51.75652	15.94612	67.70263	66.6486455484292
51.69526	15.98112	67.67638	66.6474434351148
51.6425	15.93884	67.58134	66.6456880764682
51.59963	15.71805	67.31768	66.6436595102501
51.5663	15.65725	67.22355	66.6410367175641
51.54612	15.5515	67.09761	66.6397731325461
51.53058	15.48898	67.01956	66.6395272457317
51.51064	15.48813	66.99876	66.6391310947531
51.48761	15.49928	66.98689	66.6387281135852
51.46129	15.49056	66.95184	66.6377582267065
51.42759	15.52296	66.95055	66.6370820379672
51.38414	15.54421	66.92835	66.6363580379028
51.33855	15.59485	66.9334	66.6359755473027
51.29374	15.63684	66.93058	66.6354223019705
51.24862	15.6833	66.93192	66.6345070566061
51.20641	15.70537	66.91178	66.6333800753739
51.16093	15.7702	66.93114	66.6326424149309
51.11068	15.82945	66.94013	66.6317954714594
51.05692	15.86545	66.92238	66.6308597355271
51.00606	15.92677	66.93284	66.6295551693734
50.93461	15.99208	66.9267	66.6279842258375
50.88789	16.02555	66.91344	66.6273695088017
50.83351	16.10976	66.94327	66.6267752823338
50.78757	16.15386	66.94143	66.625327282205
50.74916	16.18596	66.93513	66.6242412821085
50.71449	16.20805	66.92253	66.6228957348191
50.68674	16.23185	66.91859	66.6217824139653
50.664	16.25725	66.92124	66.6210789044688
50.64488	16.26367	66.90855	66.6197675081258
50.62784	16.28366	66.9115	66.6192415835508
50.6055	16.29017	66.89567	66.6191732816579
50.57314	16.3092	66.88235	66.6189547156007
50.53153	16.35084	66.88237	66.6187498099221
50.49756	16.39032	66.88788	66.6185927155685
50.47414	16.41865	66.89279	66.6174384135791
50.46115	16.46993	66.93109	66.6166119606754
50.45169	16.46422	66.91592	66.6158128285289
50.43609	16.48087	66.91695	66.615457658686
50.41206	16.49536	66.90742	66.6151503001681
50.38448	16.49735	66.88183	66.6149044133538
50.35695	16.53004	66.88699	66.6145970548359
50.32425	16.5486	66.87285	66.6141394321537
50.28101	16.59178	66.8728	66.6130329414893
50.23766	16.63987	66.87752	66.6122542999106
50.19505	16.68756	66.88261	66.6112707526534
50.15427	16.7424	66.89667	66.610451129939
50.11531	16.80601	66.92133	66.6098910544175
50.08596	16.83947	66.92543	66.6085659976959
50.05863	16.86078	66.91941	66.6080537334994
50.03199	16.88713	66.91912	66.6074526768422
50.00917	16.73927	66.74844	66.6071453183243
49.9832	16.29216	66.27535	66.6065989031814
49.95564	16.04873	66.00437	66.6064759597743
49.92837	15.95443	65.8828	66.6058202616027
49.9151	15.85019	65.76529	66.6055129030848
49.91306	15.80655	65.71961	66.6042356576883
49.91765	15.75411	65.67175	66.6039214689811
49.92609	15.72762	65.65371	66.6033135821346
49.93378	15.71468	65.64846	66.6033887142167
49.94202	15.67444	65.61646	66.6034023745953
49.95533	15.64905	65.60438	66.6035253180025
49.96741	15.63146	65.59887	66.6034365255417
49.97502	15.62469	65.5997	66.6034160349739
49.97588	15.61325	65.58912	66.603538978381
49.97292	15.61275	65.58566	66.6031633179703
49.96936	15.60302	65.57238	66.603347733081
49.96817	15.59923	65.5674	66.6036277708418
49.97116	15.58489	65.55605	66.6036277708418
49.97472	15.57887	65.5536	66.6039624501168

