0	0	0	0.486582738132768
0.02797646	0.02797646	0.05595291	0.897656773207653
0.03956468	0.04423466	0.08379934	1.3292794861119
0.03956468	0.04845664	0.08802132	1.75189478017283
0.03956468	0.04845664	0.08802132	2.21160483224887
0.03956468	0.0656106	0.1051753	2.65003639009812
0.04423466	0.1101434	0.1543781	3.06541584566194
0.0656106	0.1186941	0.1843047	3.52697762608658
0.08846933	0.1412742	0.2297435	3.96397889961055
0.1235407	0.1519511	0.2754918	4.39132847534241
0.1724585	0.2027088	0.3751673	5.0050769049113
0.2158	0.2556444	0.4714444	5.3255357258564
0.2762456	0.3706227	0.6468683	5.69835733919297
0.3642322	8.126758	8.49099	6.12583156587931
0.4788812	8.563643	9.042523	6.57271078721549
0.6283845	8.878919	9.507303	7.00935838500047
0.8263788	8.871347	9.697726	7.42549833945265
1.038163	8.860601	9.898765	7.85887641100353
1.271648	8.778074	10.04972	8.2941046100774
1.529439	8.939141	10.46858	8.72098204897483
1.839092	8.849286	10.68838	9.14193942130817
2.236422	8.726454	10.96288	9.76652010419866
2.519016	8.64502	11.16404	10.0846916655064
2.928573	8.59576	11.52433	10.4293020357687
3.32437	8.689347	12.01372	10.8514999412312
3.720786	8.725509	12.44629	11.2886824282147
4.122648	8.67944	12.80209	11.6841017228057
4.577656	8.689189	13.26684	12.1096993549856
5.042865	8.632856	13.67572	12.5391808035485
5.553579	8.513155	14.06673	12.9464077878686
6.124807	8.390541	14.51535	13.3624158342902
6.651779	8.321451	14.97323	13.7889799382541
7.271491	8.197237	15.46873	14.3837587977401
7.698604	8.079099	15.7777	14.7148778366142
8.184053	7.993674	16.17773	15.0193079108511
8.668367	7.834437	16.5028	15.4283423340112
9.174897	7.721869	16.89677	15.8364598042595
9.762916	7.781244	17.54416	16.2350525755478
10.3586	7.641005	17.99961	16.6593780849731
10.96948	7.610611	18.58009	17.0571239127898
11.57762	7.551981	19.1296	17.4487908721415
12.25152	7.429435	19.68095	17.8554893705656
12.92619	7.32113	20.24732	18.2538635757967
13.8139	7.241533	21.05544	18.8177230221564
14.38611	7.233889	21.62	19.1158163882827
15.11542	7.087757	22.20318	19.4299197180967
15.72485	6.997174	22.72202	19.8207277811457
16.27882	6.944243	23.22307	20.2112643441705
16.83413	6.867842	23.70197	20.5841158395852
17.33214	6.798783	24.13092	20.9800311766732
17.81037	6.816703	24.62707	21.3600799840485
18.30086	6.827082	25.12794	21.7505021414028
18.74448	6.896684	25.64116	22.1200427025609
19.18191	6.921553	26.10346	22.4925065847335
19.70445	6.961537	26.66599	23.0203897165737
20.06246	7.075735	27.1382	23.2911008538504
20.46092	7.051685	27.51261	23.6081838537407
20.83344	7.049125	27.88257	23.9669600365832
21.20512	7.108788	28.3139	24.3463872967335
21.52858	6.989292	28.51788	24.7011200075183
21.83225	7.084241	28.91649	25.0788619184622
22.12411	7.089583	29.2137	25.4415398469346
22.42228	7.198737	29.62102	25.7923844724681
22.70468	7.19042	29.8951	26.1348928519774
23.00705	7.218577	30.22563	26.5009892901878
23.38826	7.30283	30.69109	26.9987888533155
23.64932	7.371023	31.02034	27.2550985364815
23.94868	7.431786	31.38047	27.5448556565837
24.26406	7.465847	31.72991	27.9006931504857
24.6453	7.613653	32.25895	28.2613561731186
25.03554	7.805698	32.84123	28.5933580139579
25.4506	7.907232	33.35783	28.9327125535641
25.91703	7.986475	33.90351	29.2620881866228
26.36826	8.129269	34.49753	29.5837696114502
26.83613	8.106826	34.94296	29.9381437372975
27.32259	7.973142	35.29573	30.26638214384
27.87097	7.994484	35.86545	30.73096478892
28.1962	8.159234	36.35543	30.9592980167685
28.52674	8.219936	36.74667	31.2531361749693
28.84004	8.207386	37.04742	31.5723143354232
29.1036	8.246312	37.34991	31.8798197023864
29.34911	8.195608	37.54472	32.1972220136258
29.57736	8.164526	37.74189	32.5234420992341
29.80769	8.156898	37.96459	32.8193156538423
30.01067	8.175171	38.18584	33.1345288894154
30.1958	8.189497	38.3853	33.4450190490968
30.37164	8.119773	38.49141	33.7560692842997
30.53139	8.119699	38.65108	34.1699241135487
30.63542	8.147387	38.78281	34.4004942283885
30.74389	8.088885	38.83278	34.6604956288639
30.84196	8.09369	38.93565	34.956744843883
30.91356	8.04281	38.95637	35.2510337945767
30.97862	8.063167	39.04178	35.5494755003567
31.09057	8.058759	39.14933	35.8388945260892
31.26839	8.030499	39.29889	36.128176948036
31.50258	7.297589	38.80017	36.4227254459227
31.74412	7.398602	39.14272	36.7095046034959
31.96659	7.419551	39.38614	36.9976702894943
32.18144	7.434135	39.61558	37.4030010425138
32.32151	7.428061	39.74957	37.6200473825662
32.51468	7.406236	39.92091	37.8266059669693
32.69209	7.397091	40.08918	38.1051752370201
32.87252	7.427296	40.29982	38.3948572250401
33.04421	7.372327	40.41654	38.6491554174613
33.20092	7.343393	40.54431	38.9201534226881
33.31495	7.305839	40.62079	39.1935215035972
33.3957	7.185834	40.58154	39.4609165839753
33.4416	7.146962	40.58857	39.7243569847565
33.46153	7.156398	40.61793	39.989757649863
33.46883	7.286154	40.75499	40.3680954948221
33.4829	7.626144	41.10905	40.5755556642109
33.49098	7.64696	41.13794	40.8962535417811
33.49743	7.670587	41.16801	41.074084350045
33.50427	7.777888	41.28216	41.2541315547324
33.5229	7.798755	41.32166	41.5114145398718
33.55029	7.921841	41.47213	41.7606618073156
33.59567	8.130356	41.72603	42.0204787926803
33.66242	8.266146	41.92857	42.259282700705
33.75838	8.340118	42.0985	42.4953511179204
33.8659	8.624821	42.49072	42.7414735737657
34.01749	9.872111	43.8896	43.0814189247452
34.1384	9.850656	43.98906	43.2494825623294
34.29643	9.838431	44.13486	43.4462773911473
34.4738	9.830334	44.30414	43.6760073927049
34.66942	9.773122	44.44254	43.9106995267791
34.89683	9.95406	44.85089	44.1458868495766
35.12244	9.877349	44.99979	44.3693023411388
35.36626	9.965019	45.33128	44.5894188512756
35.65277	9.918356	45.57112	44.821648702112
35.9447	10.19057	46.13527	45.045333986151
36.25305	9.917722	46.17077	45.2772086671445
36.63821	9.657994	46.2962	45.5728978066421
36.91329	9.597429	46.51072	45.7419962179032
37.2296	9.428546	46.65814	45.9116478744965
37.53439	9.161393	46.69579	46.1256137991807
37.84132	8.985463	46.82678	46.350712932402
38.10753	8.859094	46.96663	46.5559737808406
38.35328	8.807208	47.16049	46.7612107236167
38.57963	8.819935	47.39956	46.9685274590306
38.81121	8.932348	47.74356	47.1791534211537
39.02277	8.969969	47.99274	47.3832736279815
39.23337	8.921389	48.15476	47.5838933627999
39.49035	8.748486	48.23884	47.872339086559
39.67537	8.534973	48.21034	48.018884212796
39.89659	8.450012	48.3466	48.1950860209151
40.12673	8.265054	48.39178	48.387994472029
40.38144	8.128496	48.50993	48.5811078288216
40.6254	7.892424	48.51782	48.774040185598
40.87574	7.788076	48.66382	48.9677887499941
41.15114	7.598198	48.74934	49.1611411634117
41.41566	7.366735	48.78239	49.3482678592946
41.6852	7.261933	48.94713	49.5388130649153
41.95621	7.078617	49.03483	49.736386535312
42.28182	6.898219	49.18004	50.0003870116146
42.50842	6.820874	49.32929	50.1317383817838
42.76781	6.674354	49.44217	50.2851854142948
43.02486	6.530268	49.55513	50.4663049587002
43.29855	6.619032	49.91758	50.6431658800854
43.55575	6.560497	50.11625	50.8280488587877
43.82047	6.43724	50.25771	51.0079560445947
44.11034	6.33707	50.44741	51.1792298711436
44.384	6.296191	50.68019	51.359123396572
44.65609	6.247769	50.90385	51.5331156384569
44.92767	6.260747	51.18841	51.7164345038125
45.27778	6.335554	51.61333	51.9585920347769
45.49208	6.353664	51.84574	52.0825019137184
45.76202	6.331066	52.09308	52.2154276425181
46.04614	6.306894	52.35303	52.3815207704931
46.30532	6.346191	52.65152	52.5525316347544
46.56082	6.373937	52.93476	52.7177163475543
46.83097	6.327844	53.15881	52.8802782676682
47.08217	6.303536	53.38571	53.0443974709395
47.3331	6.336421	53.66952	53.2146365238114
47.58409	6.371722	53.95581	53.3695008205994
47.85699	6.362792	54.21978	53.5267147025019
48.17073	6.361374	54.5321	53.7602252138296
48.37671	6.358538	54.73524	53.8787050922883
48.64101	6.370368	55.01138	53.9991793860186
48.92165	6.429254	55.3509	54.1612563626932
49.17488	6.450568	55.62545	54.3165748670687
49.41123	6.461896	55.87312	54.4724739375336
49.63612	6.468478	56.1046	54.6239368000569
49.81771	6.355515	56.17323	54.774501492689
49.97727	6.308262	56.28553	54.918365769631
50.12005	6.32521	56.44526	55.0662086318325
50.25771	6.32803	56.58574	55.2193209850685
50.40636	6.224662	56.63102	55.4390823253623
50.48502	6.251503	56.73652	55.5498645804951
50.60564	6.280726	56.88637	55.6537073633128
50.72302	6.291643	57.01466	55.8031143388608
50.84608	6.252475	57.09855	55.9387755584698
50.98023	6.240045	57.22028	56.0853650809371
51.13914	6.291861	57.43101	56.2274876596111
51.30411	6.34341	57.64752	56.362909822595
51.48229	6.370122	57.85241	56.4982534384021
51.68048	6.506472	58.18696	56.6428007342728
51.86389	6.746135	58.61003	56.7814467465999
52.06057	6.946982	59.00755	56.967958725447
52.20308	7.076179	59.27926	57.0609176016366
52.342	7.19102	59.53302	57.1880615752052
52.46918	7.17846	59.64764	57.3242418891999
52.58606	7.217381	59.80344	57.4491865418183
52.69997	7.2476	59.94757	57.587750591874
52.80449	7.375095	60.17959	57.709969998967
52.9086	7.427956	60.33655	57.8380497084679
53.0178	7.447557	60.46535	57.9727547015767
53.11612	7.556631	60.67274	58.0991541845131
53.20972	7.645677	60.8554	58.231857932161
53.32073	7.636559	60.95729	58.4054676834458
53.40835	7.64868	61.05703	58.5028252015359
53.52145	7.668027	61.18948	58.6065279654732
53.64714	7.713782	61.36092	58.729027410327
53.78397	7.768167	61.55214	58.8465476471909
53.93979	7.837919	61.77771	58.9705702242556
54.0929	7.943741	62.03664	59.0914235934913
54.25153	7.985074	62.2366	59.2145104346238
54.42839	8.072949	62.50134	59.3351452378024
54.60337	8.145266	62.74863	59.4538812483593
54.78742	8.176084	62.9635	59.5712990323839
55.01704	8.204635	63.22168	59.7457830478974
55.17671	8.220199	63.39691	59.831877583854
55.35746	8.279604	63.63707	59.920601742686
55.52829	8.40151	63.9298	60.0372818662677
55.69172	8.485912	64.17763	60.1525208199099
55.81693	8.621245	64.43817	60.2634226033552
55.91223	8.660932	64.57317	60.3774321229258
55.98098	8.715124	64.69611	60.4877465100924
56.03418	8.79482	64.82899	60.5992015388699
56.06999	8.824544	64.89454	60.7141672849407
56.09188	8.894504	64.98638	60.8219818228284
56.10275	9.012449	65.1152	61.0277549354635
56.10325	9.023844	65.1271	61.1079140369302
56.10741	9.052887	65.1603	61.1861675155859
56.11932	9.132843	65.25216	61.26347842812
56.14429	9.189962	65.33425	61.3546956060415
56.17295	9.241396	65.41434	61.4611509362613
56.20469	9.302821	65.50751	61.5670393607703
56.25199	9.417198	65.66919	61.6719988795363
56.31529	9.419932	65.73522	61.7758109265021
56.39626	9.418387	65.81465	61.8766040298034
56.48187	9.425063	65.90694	61.9792822653477
56.56458	9.433465	65.99805	62.1240412970862
56.61174	9.647567	66.2593	62.1955806996733
56.65915	9.661454	66.3206	62.2816410846835
56.7124	9.597306	66.30971	62.3789507914486
56.77119	9.550099	66.32129	62.4814036307464
56.84238	9.526998	66.36938	62.5774975638185
56.92633	9.447518	66.37385	62.6765421386624
57.03195	9.398688	66.43064	62.7731824868774
57.13838	9.359543	66.49792	62.8691807972995
57.24474	9.289565	66.53431	62.9657186926752
57.34763	9.25111	66.59874	63.0654257958799
57.44717	9.18515	66.63232	63.2055881102286
57.4899	9.170441	66.66034	63.2732889464366
57.53571	9.167183	66.70289	63.3398218202766
57.57079	9.169605	66.74039	63.4381287346776
57.58863	9.160665	66.7493	63.5307870825386
57.59103	9.162123	66.75316	63.6153243353379
57.57943	9.174982	66.75441	63.7047656640449
57.55917	9.194816	66.75399	63.7947534078948
57.53362	9.230949	66.76457	63.8826237930659
57.51088	9.204684	66.71556	63.9718943670408
57.4938	9.263231	66.75703	64.0630022619337
57.48697	9.3578	66.84477	64.1847640463446
57.49506	9.41603	66.91109	64.247349070777
57.52033	9.40966	66.92999	64.3233417567788
57.55687	9.447851	67.00472	64.413097274193
57.60506	9.431693	67.03676	64.4931607530097
57.66027	9.432173	67.09245	64.5790981946127
57.71832	9.42083	67.13915	64.6635808058977
57.76966	9.394044	67.1637	64.7513692287974
57.82207	9.359564	67.18163	64.832026934082
57.8699	9.505762	67.37566	64.9183810172315
57.90783	9.579039	67.48687	65.0032529493058
57.94353	9.727103	67.67064	65.1166136008942
57.9671	9.752316	67.71941	65.1746155683154
57.99636	9.735952	67.73232	65.2476781031133
58.02813	9.708388	67.73651	65.328649997105
58.06812	9.682736	67.75086	65.4076889475287
58.12183	9.643347	67.76517	65.4892004264741
58.17643	9.618853	67.79528	65.4906484266028
58.22555	9.585275	67.81083	65.4907167284957
58.26385	9.574974	67.83882	65.4907440492528
58.29263	9.563121	67.85575	65.49096261531
58.31747	9.656834	67.9743	65.49134510591
58.35182	9.739001	68.09082	65.4922125399494
58.38485	9.794806	68.17965	65.4929638607709
58.42274	9.766983	68.18973	65.4935171061032
58.45838	9.77461	68.23299	65.4938791061353
58.48746	10.18296	68.67043	65.4938108042425
58.51178	10.34583	68.85761	65.4937151815925
58.5354	10.42264	68.95804	65.4937971438639
58.56162	10.41578	68.9774	65.4935922381853
58.58418	10.40437	68.98855	65.4933805023174
58.59303	10.35628	68.94931	65.4929297098245
58.58879	10.21885	68.80765	65.4930731437995
58.57632	10.20824	68.78455	65.4936127287532
58.56124	10.23716	68.7984	65.4936400495103
58.54834	10.28673	68.83507	65.4937356721603
58.53585	10.36156	68.89742	65.4938722759461
58.52592	10.37318	68.89909	65.4940498608675
58.52299	10.33327	68.85627	65.4944596722247
58.52723	10.33154	68.85877	65.494562125064
58.53508	10.33666	68.87174	65.4946235967676
58.53954	10.34711	68.88664	65.4944801627926
58.5379	10.35334	68.89124	65.4946509175247
58.53601	10.34925	68.88527	65.4949036345283
58.5359	10.35511	68.89101	65.4951563515319
58.53382	10.33891	68.87273	65.4955934836462
58.52505	10.33598	68.86102	65.4952792949391
58.50925	10.34718	68.85643	65.4951426911533
58.48742	10.35894	68.84636	65.4951153703962
58.4674	10.35399	68.82139	65.4952383138034
58.44486	10.37506	68.81992	65.4950675590712
58.41822	10.41412	68.83234	65.4948626533926
58.39149	10.42855	68.82004	65.4948558232033
58.3658	10.45128	68.81708	65.494801181689
58.34627	10.45939	68.80566	65.4952792949391
58.33454	10.48792	68.82246	65.4955183515641
58.33077	10.48618	68.81696	65.4955525025105
58.33233	10.4837	68.81603	65.4956617855391
58.33792	10.48599	68.82391	65.4956412949713
58.343	10.48466	68.82766	65.4956003138356
58.3446	10.47022	68.81481	65.4956686157284
58.34534	10.7098	69.05515	65.4958052195141
58.34855	10.70993	69.05849	65.4957369176213
58.35442	10.71013	69.06456	65.495634464782
58.36285	10.70504	69.06789	65.4957027666748
58.36924	10.68121	69.05045	65.495682276107
58.3689	10.53153	68.90043	65.4956071440248
58.36484	10.43683	68.80167	65.4955115213748
58.36063	10.12695	68.48758	65.4956208044034
58.35658	10.13023	68.48681	65.495730087432
58.35135	10.14852	68.49986	65.4957437478106
58.34469	10.17212	68.51682	65.4958188798927
58.33893	10.20845	68.54738	65.4959418232999
58.33516	10.24542	68.58058	65.4960715968963
58.33127	10.28742	68.61869	65.4961467289785
58.32894	10.3046	68.63354	65.4961535591678
58.33045	10.31183	68.64228	65.4964472573071
58.33294	10.30651	68.63945	65.4965360497678
58.33152	10.3058	68.63731	65.4965155591999
58.32448	10.37176	68.69624	65.4963174837106
58.31582	10.42875	68.74458	65.4961877101142
58.30801	10.43832	68.74632	65.4961808799249
58.29952	10.45045	68.74997	65.496160389357
58.28576	10.46082	68.74658	65.4960784270856
58.26578	10.48396	68.74974	65.4963652950356
58.24681	10.50665	68.75346	65.4965906912821
58.2334	10.51107	68.74447	65.4966521629857
58.22737	10.52052	68.74789	65.4967819365821
58.2206	10.52433	68.74493	65.4967819365821
58.21007	10.53198	68.74204	65.4968707290428
58.19687	10.54919	68.74606	65.4970346535857
58.1875	10.54077	68.72827	65.4973488422929
58.17982	10.55557	68.73538	65.497519597025
58.16913	10.56278	68.73191	65.4975469177822
58.1594	10.57626	68.73566	65.4974854460786
58.15318	10.58744	68.74062	65.4974717857
58.14838	10.59372	68.7421	65.4973829932393
58.13991	10.59364	68.73355	65.497232729075
58.12998	10.59992	68.7299	65.4970141630179
58.11795	10.61144	68.72939	65.4967477856357
58.10069	10.56883	68.66952	65.4965155591999
58.0808	10.57109	68.65189	65.4960442761392
58.06181	10.57207	68.63388	65.4958393704606
58.04791	10.56334	68.61125	65.4956754459177
58.03951	10.5619	68.60141	65.4955798232677
58.03284	10.55415	68.587	65.4954842006177
58.0205	10.55385	68.57435	65.4954022383462
58.00277	10.54412	68.54689	65.495443219482
57.98698	10.53194	68.51892	65.495443219482
57.97652	10.53411	68.51063	65.4954158987248
57.97059	10.53528	68.50587	65.4953749175891
57.96502	10.52033	68.48535	65.4954295591034
57.95858	10.51343	68.472	65.4952656345605
57.94799	10.51867	68.46666	65.4952997855069
57.94115	10.5158	68.45695	65.4953544270212
57.93381	10.51522	68.44904	65.4953202760748
57.925	10.519	68.44401	65.4951426911533
57.9123	10.46742	68.37971	65.4949651062319
57.89391	10.47828	68.37218	65.4947328797961
57.87601	10.47783	68.35384	65.4946372571461
57.85846	10.48141	68.33987	65.4945689552533
57.83889	10.47277	68.31166	65.4945279741176
57.82026	10.48051	68.30077	65.4944528420354
57.80109	10.48586	68.28695	65.4943913703318
57.7789	10.50706	68.28596	65.4943367288175
57.75403	10.5167	68.27074	65.4942479363568
57.73415	10.53739	68.27155	65.4942069552211
57.72017	10.54272	68.26289	65.4942342759782
57.71154	10.54938	68.26092	65.4942479363568
57.71087	10.5707	68.28157	65.4943094080604
57.71326	10.5715	68.28475	65.4942684269247
57.71479	10.57351	68.28829	65.4941591438961
57.71267	10.58004	68.29271	65.4939952193532
57.70719	10.57968	68.28687	65.4938995967032
57.70044	10.63184	68.33228	65.4937015212139
57.69102	10.63292	68.32394	65.4935307664817
57.6805	10.66409	68.34459	65.4933326909924
57.66938	10.67968	68.34905	65.493250728721
57.65854	10.68495	68.34348	65.4932780494781
57.64609	10.69529	68.34138	65.4929843513388
57.6313	10.71282	68.34412	65.4927248041459
57.61669	10.73323	68.34991	65.4925745399816
57.6027	10.77497	68.37768	65.4923559739244
57.59091	10.78261	68.37352	65.4923764644923
57.5795	10.82049	68.39999	65.4922466908959
57.56863	10.83678	68.4054	65.4920554455958
57.55635	10.84735	68.40369	65.4921237474887
57.54737	10.86504	68.41241	65.4922330305173


0	0	0	0.503577796542398
0	0	0	0.913859689742608
0.01978234	0.04845664	0.06823898	1.32056533852108
0.01978234	0.05934703	0.07912937	1.76069761350267
0.02797646	0.05934703	0.08732348	2.30120752417779
0.03956468	0.06255726	0.1021219	2.63603919781588
0.05595291	0.0656106	0.1215635	3.07644404003869
0.07401875	0.08156469	0.1555834	3.68456140542768
0.09487279	0.07401875	0.1688915	4.02224084111142
0.1186941	0.1119058	0.2305999	4.42938799759424
0.1440177	0.1631294	0.3071471	4.82076723522229
0.1701742	0.2148914	0.3850656	5.26488449876573
0.1978235	0.20842	0.4062435	5.69529527995845
0.2289973	0.3058279	0.5348253	6.12775127595565
0.2755364	3.235675	3.511211	6.57473935343359
0.3380413	6.402605	6.740646	7.00185414140873
0.4238235	6.814631	7.238454	7.42528745735843
0.533025	6.903677	7.436701	7.8759920115819
0.6985759	7.369612	8.068188	8.47125069186535
0.8406988	7.504567	8.345266	8.80209823071525
1.037975	7.515254	8.553228	9.14054264759908
1.291195	7.600315	8.89151	9.57556935608899
1.563479	7.615767	9.179247	10.0001262381763
1.862776	7.519013	9.381789	10.4297733188294
2.198914	7.434768	9.633681	10.8533142102604
2.518317	7.402208	9.920525	11.2864318808447
2.846132	7.542595	10.38873	11.6981411768841
3.186903	7.608832	10.79574	12.1351981591395
3.572373	7.478347	11.05072	12.5620943810574
4.037984	7.692355	11.73034	13.1598529106197
4.352847	8.353364	12.70621	13.4659043010386
4.763577	9.507479	14.27106	13.7918452026598
5.219019	9.255081	14.4741	14.2201040473404
5.662543	9.250579	14.91312	14.6073108930881
6.125351	9.120743	15.24609	15.0338510913895
6.64942	8.935954	15.58537	15.4462784110776
7.169408	8.551318	15.72073	15.8727861659799
7.722835	8.448919	16.17175	16.25642765292
8.357852	7.986352	16.3442	16.6772134167475
8.987584	7.815901	16.80349	17.0740798576936
9.785808	7.282194	17.068	17.6369711247219
10.31181	7.216538	17.52835	17.9213528858556
11.03264	6.684894	17.71753	18.2910932300502
11.70523	6.028801	17.73403	18.6523214508466
12.38317	5.712682	18.09586	19.052894977028
13.07223	5.158714	18.23095	19.4624075134381
13.82979	4.559649	18.38943	19.8400059904069
14.55288	4.222064	18.77495	20.224130713239
15.27879	3.4911	18.76989	20.6142352667914
16.04478	2.961608	19.00639	21.0088648207462
16.74051	2.645971	19.38648	21.378111683765
17.5157	2.167266	19.68297	21.9218937887169
18.0838	1.718397	19.8022	22.2050324554004
18.77502	2.73545	21.51047	22.5235258893783
19.39638	2.59201	21.98839	22.9118409333377
19.9903	2.500924	22.49123	23.2867978345999
20.598	2.526774	23.12477	23.6573134052786
21.1401	2.456387	23.59649	24.0210363527119
21.65781	2.083844	23.74165	24.3848310171327
22.15499	1.823919	23.97891	24.7549043330551
22.66526	1.656703	24.32196	25.1218682053048
23.12093	1.427247	24.54818	25.4842917092263
23.64854	1.136944	24.78549	25.9971091510477
24.00408	0.8782644	24.88235	26.2680525147602
24.4034	0.7840959	25.1875	26.5669006168027
24.79295	0.6489125	25.44186	26.9114853738551
25.17727	0.5200178	25.69728	27.2756591137813
25.58585	0.5252593	26.11111	27.6029703221281
25.96437	0.4656223	26.42999	27.9666044771006
26.34005	0.2478722	26.58792	28.2977935254148
26.74273	0.1101434	26.85287	28.6482180943072
27.11798	0.1356209	27.2536	28.9781538028874
27.49239	0.1978235	27.69021	29.3258070224768
27.94732	0.199792	28.14711	29.8072602350945
28.2704	0.3090104	28.57941	30.0470681809443
28.64588	0.4419051	29.08778	30.3260199415952
29.01696	0.6029587	29.61992	30.6472027626047
29.40891	0.651921	30.06083	30.9677401307266
29.7709	0.7351527	30.50605	31.3015861226733
30.13271	0.8381346	30.97084	31.6251731703116
30.49578	1.075382	31.57116	31.9367629904681
30.88361	1.106061	31.98967	32.2616921703013
31.23948	0.9257729	32.16525	32.5756076699099
31.58293	1.151821	32.73475	32.9044949444345
32.00596	0.8127698	32.81873	33.3609872303047
32.26135	0.916212	33.17756	33.5903757223979
32.58802	1.148077	33.7361	33.8104410061151
32.91754	1.146542	34.06408	34.1280072418973
33.27246	1.306861	34.57932	34.4360965900445
33.60431	0.9410763	34.54539	34.7311129558973
33.94276	0.9731742	34.91594	35.033482020517
34.31328	1.023164	35.33644	35.3224912348923
34.66215	1.143123	35.80527	35.6300102622341
35.00813	1.290285	36.29842	35.9175817217646
35.35121	1.312092	36.6633	36.2079228230508
35.79557	1.398438	37.19401	36.640089389777
36.06886	1.647464	37.71633	36.8595604470262
36.41246	1.775309	38.18777	37.0635850312039
36.76756	1.797656	38.56522	37.3586253027192
37.08617	1.828206	38.91437	37.6272600624528
37.39307	1.816715	39.20979	37.9050882569661
37.6921	1.83355	39.52565	38.1877385651156
38.00651	1.977442	39.98395	38.4615710988963
38.29627	2.024487	40.32076	38.7332828589034
38.58174	2.063079	40.64482	39.0052951472392
38.8844	2.125964	41.01037	39.2729019634852
39.22895	1.894032	41.12298	39.6501435630638
39.45278	2.041718	41.4945	39.8427514858491
39.73369	1.893412	41.62711	40.0585103352211
40.02048	2.025744	42.04623	40.3354676806003
40.27511	1.933303	42.20841	40.5979723454493
40.5174	2.007011	42.52441	40.8508942547292
40.76307	2.128816	42.89188	41.1047314093736
40.98098	2.066396	43.04738	41.3417423927106
41.18985	2.051186	43.24104	41.5918878300456
41.38872	1.839624	43.22834	41.8506632115441
41.59522	1.729069	43.32429	42.1040803095473
41.81683	1.673627	43.49046	42.4360479994402
41.98673	1.634704	43.62144	42.6102963734233
42.20316	1.768461	43.97161	42.8254712416113
42.40536	1.911824	44.31718	43.0752205279677
42.60684	1.965231	44.57207	43.307030322163
42.89913	1.948328	44.84746	43.6827726951932
43.06473	1.89981	44.96454	43.8719416176728
43.24847	1.889273	45.13774	44.0400940477177
43.46565	1.891758	45.35741	44.2366020085856
43.70488	1.609125	45.314	44.4668032932039
43.94055	1.023164	44.96371	44.6954028984346
44.24626	1.083178	45.32944	45.033664607755
44.45298	1.082455	45.53543	45.1946726598062
44.7442	1.2116	45.9558	45.3692079017394
45.02561	1.309105	46.33471	45.5888292231529
45.31995	1.462194	46.78215	45.8155846772762
45.64909	1.542181	47.19127	46.0236663938901
45.95885	1.547881	47.50673	46.240900564148
46.26474	1.6012	47.86594	46.4589065457952
46.56482	1.631589	48.19641	46.6716874326383
46.87631	1.695006	48.57132	46.8827983382008
47.15685	1.778393	48.93524	47.0900604321003
47.48494	1.958547	49.44348	47.3951035158257
47.70772	1.872103	49.57983	47.552559869448
47.9601	1.837708	49.79781	47.7088243550397
48.21189	1.914484	50.12638	47.9129343165835
48.46409	1.983075	50.44717	48.1202510519973
48.72807	2.036536	50.76461	48.319279352712
48.96801	2.193834	51.16184	48.5177544080944
49.20226	2.243848	51.44611	48.7202319543987
49.44668	2.236334	51.68302	48.9068156502333
49.66838	2.304352	51.97274	49.1142314233918
49.88202	2.397514	52.27953	49.3074540632129
50.11692	2.566282	52.6832	49.5757678040501
50.29368	2.493478	52.78716	49.7136727408396
50.46825	2.593218	53.06147	49.876354189266
50.62952	2.621669	53.25119	50.0561213561927
50.79031	2.667338	53.45765	50.2452151465901
50.92778	2.474962	53.40274	50.4301117856709
51.05753	2.468628	53.52615	50.6212068215292
51.18039	2.243761	53.42414	50.7990991014968
51.30873	2.201937	53.51067	50.9831829480525
51.43034	2.043922	53.47427	51.1616796997718
51.55794	2.045453	53.60339	51.3330969602957
51.72382	2.011395	53.73522	51.5830409070467
51.85084	1.923052	53.77389	51.7101370692904
52.01101	2.051759	54.06277	51.8551624784111
52.18189	2.193477	54.37537	52.028331682487
52.3718	2.302908	54.67471	52.2050628302758
52.55037	2.478756	55.02913	52.3729420527492
52.72426	2.558261	55.28252	52.5465722946019
52.90068	2.661755	55.56244	52.7156058190648
53.05706	2.58225	55.63931	52.8780516259608
53.20666	2.497635	55.7043	53.0423586594374
53.34816	2.48341	55.83157	53.2054738248835
53.52296	2.584902	56.10786	53.4434307894367
53.63074	2.590575	56.22132	53.5606470828774
53.77414	2.582098	56.35624	53.6861313204494
53.93394	2.546682	56.48062	53.8467261460488
54.08256	2.665209	56.74776	54.0087826321555
54.22948	2.71065	56.94013	54.1622604005183
54.37412	2.665503	57.03963	54.3165680368794
54.52658	2.618083	57.14466	54.4775590134574
54.66752	2.685038	57.35256	54.6231274226264
54.80968	2.74545	57.55513	54.7806520781415
54.96288	2.794283	57.75717	54.9311279783129
55.1136	2.736595	57.8502	55.1362658833444
55.2432	2.653284	57.89648	55.2378068923724
55.38103	2.709567	58.0906	55.3835938675986
55.52296	2.717862	58.24083	55.5278440502354
55.64849	2.726203	58.37469	55.6671730814912
55.76912	2.717646	58.48677	55.8138513964192
55.89456	2.721389	58.61595	55.9598637678919
56.00969	2.558873	58.56856	56.1019077993891
56.12256	2.532037	58.65459	56.2419164344789
56.23524	2.649076	58.88431	56.3853230887387
56.35661	2.481912	58.83852	56.5280706297324
56.48157	2.230989	58.71255	56.7139576462598
56.59634	2.239483	58.83582	56.8174076931935
56.74324	2.299676	59.04291	56.9374755906613
56.89075	2.448166	59.33892	57.0761147727991
57.04369	2.503662	59.54735	57.2082755203987
57.19752	2.581416	59.77894	57.3516309482389
57.36454	2.721029	60.08557	57.4764526574501
57.51968	2.735379	60.25506	57.6138214243806
57.66996	1.76835	59.43831	57.7472560022822
57.81931	1.889584	59.7089	57.8748302777758
57.94677	1.815638	59.76241	58.0107100634419
58.08889	1.870221	59.95911	58.1983148725749
58.17614	1.871267	60.0474	58.2924622017003
58.28694	1.886786	60.17373	58.3882009649295
58.38373	1.82059	60.20432	58.5139242591265
58.47292	1.813157	60.28607	58.6435339310276
58.55774	1.742261	60.3	58.7691206214389
58.62824	1.705365	60.33361	58.887289726285
58.6946	1.657058	60.35165	59.0134843035428
58.75845	1.622447	60.3809	59.1363457484288
58.81858	1.610584	60.42916	59.2628954955295
58.86776	1.626062	60.49382	59.3838103364688
58.92169	1.549397	60.47109	59.5533014836139
58.96122	1.443878	60.4051	59.6375928495989
59.00887	1.454411	60.46328	59.7351552733676
59.05604	1.466604	60.52264	59.8538024914638
59.10259	1.453334	60.55593	59.9669172562379
59.15324	1.432721	60.58596	60.0827162854016
59.20092	1.28983	60.49075	60.1985358051332
59.24847	1.348282	60.59675	60.3165341552472
59.29781	1.349297	60.6471	60.4279686934568
59.34166	1.321602	60.66326	60.5363569672446
59.38237	1.239858	60.62223	60.6496356565616
59.42665	1.26114	60.68779	60.8058420855444
59.46024	1.320714	60.78095	60.8815274130284
59.49215	1.344066	60.83622	60.9788097990363
59.51962	1.352339	60.87196	61.0843772046488
59.54276	1.360994	60.90376	61.1934621577439
59.55796	1.317598	60.87556	61.3032847712819
59.56782	1.377146	60.94497	61.4074383277121
59.576	1.422853	60.99885	61.5100414311742
59.58789	1.47419	61.06208	61.6163738179868
59.60458	1.514266	61.11884	61.7203907706313
59.62511	1.589916	61.21503	61.8233695345042
59.65683	1.692926	61.34976	61.970519132493
59.6912	1.690613	61.38181	62.0904504261751
59.71109	1.713493	61.42458	62.1641345081981
59.73646	1.760475	61.49693	62.2346357220136
59.7626	1.767243	61.52985	62.3375598443722
59.78134	2.071504	61.85284	62.4339884567194
59.79112	2.186775	61.9779	62.5293378991592
59.79303	2.22123	62.01426	62.627617492803
59.79272	2.24411	62.03683	62.7269421054076
59.79356	2.387287	62.18085	62.8197985287579
59.79681	2.442643	62.23945	62.9193826885554
59.80157	2.542297	62.34387	63.0560069648537
59.80639	2.636633	62.44302	63.1240629709047
59.81387	2.640268	62.45413	63.2062847895358
59.82788	2.636559	62.46444	63.2982669486574
59.84219	2.672909	62.5151	63.3908979757613
59.8497	2.796944	62.64664	63.48271621034
59.85543	2.813899	62.66933	63.5752038034688
59.86694	2.879976	62.74692	63.6689754721835
59.88474	2.969991	62.85472	63.7577201215833
59.90166	2.97539	62.87705	63.8477420163797
59.91322	3.085213	62.99843	63.9442799117554
59.91789	3.121799	63.03969	64.068063432195
59.91842	3.212418	63.13083	64.1287496640058
59.92044	3.325548	63.24599	64.2056029538578
59.92796	3.804417	63.73237	64.294668622154
59.93576	3.963584	63.89935	64.3794517617676
59.94063	4.034976	63.97561	64.4667689016066
59.9443	4.141511	64.08582	64.5534508338418
59.94957	4.231979	64.18155	64.635911709098
59.9549	4.320057	64.27496	64.7228941696619
59.95697	4.341133	64.2981	64.8094190075436
59.95713	4.364485	64.32162	64.8949739585465
59.96003	4.447701	64.40773	65.0165103467109
59.9653	4.5177	64.483	65.0736380499034
59.97453	4.572433	64.54697	65.1383540933932
59.98092	4.585693	64.56661	65.221757534771
59.98826	4.644014	64.63228	65.3019576173733
59.99552	4.884112	64.87963	65.386146530519
59.99835	5.199385	65.19773	65.4661895187678
59.99492	5.264326	65.25925	65.5457339031986
59.99085	5.468592	65.45944	65.6281879482655
59.98843	5.58044	65.56886	65.6282904011048
59.99047	5.654196	65.64466	65.6282904011048
59.9957	5.742521	65.73822	65.6285772690549
59.99889	5.755919	65.75481	65.6284816464049
60.00286	5.948672	65.95154	65.628556778487
60.00801	5.957859	65.96587	65.6290690426835
60.01397	6.042962	66.05693	65.6294242125264
60.01863	6.128327	66.14697	65.6299911182372
60.02127	6.176222	66.19749	65.6303394578908
60.02316	6.206967	66.23013	65.630558023948
60.02549	6.66262	66.68811	65.6308517220873
60.03138	6.757695	66.78908	65.6312820240123
60.04032	6.783361	66.82368	65.6313844768516
60.04555	6.926595	66.97215	65.6317669674517
60.042	7.007959	67.04996	65.6322382505124
60.03254	7.025627	67.05817	65.6324499863803
60.02324	7.063192	67.08643	65.6325182882732
60.01564	7.136084	67.15172	65.6327095335732
60.00291	7.161605	67.16451	65.6331534958768
59.98728	7.145535	67.13281	65.6333379109876
59.97311	7.12607	67.09918	65.6334403638269
59.96345	7.131986	67.09544	65.6334403638269
59.95898	7.129758	67.08874	65.633324250609
59.95877	7.108264	67.06703	65.6333310807983
59.95713	7.033915	66.99104	65.6331261751197
59.95566	7.031907	66.98757	65.633276439284
59.95475	7.026186	66.98093	65.6334267034483
59.9514	7.004963	66.95636	65.6336316091269
59.94311	7.004851	66.94796	65.6336999110197
59.92616	7.0154	66.94157	65.6341097223769
59.90374	7.049904	66.95364	65.6339253072662
59.88162	7.082663	66.96429	65.6340277601055
59.86228	7.098101	66.96038	65.6340072695376
59.8451	7.116097	66.9612	65.6338706657519
59.82587	7.129565	66.95543	65.6338091940483
59.80307	7.14125	66.94431	65.633658929884
59.7792	7.172582	66.95178	65.6336042883697
59.75877	7.194511	66.95328	65.6332627789054
59.73678	7.209249	66.94603	65.6332354581483
59.71045	7.235544	66.94599	65.6325729297875
59.68499	7.258744	66.94374	65.632443156191
59.66542	7.298638	66.96407	65.6321357976731
59.6515	7.309382	66.96088	65.6318830806695
59.63662	7.331146	66.96776	65.6317874580195
59.62015	7.395154	67.0153	65.6314664391231
59.60357	7.409389	67.01295	65.6314391183659
59.59109	7.415715	67.00681	65.6311180994694
59.58529	7.382726	66.96802	65.6310429673873
59.57983	7.390881	66.97071	65.6308107409515
59.57041	7.401625	66.97204	65.6305853447051
59.55896	7.421031	66.97999	65.6302574956193
59.55254	7.42275	66.9753	65.6299433069122
59.55289	7.406661	66.95955	65.6299296465336
59.55637	7.358422	66.91479	65.6298135333157
59.55528	7.344783	66.90006	65.6297793823693
59.55198	7.345051	66.89703	65.6297793823693
59.55255	7.337299	66.88985	65.6296359483943
59.56027	7.32796	66.88823	65.6295130049871
59.5662	7.32523	66.89143	65.6298613446407
59.56691	7.310966	66.87787	65.6297179106657
59.56325	7.318396	66.88165	65.6297930427479
59.55828	7.274647	66.83293	65.6300184389943
59.55568	7.276939	66.83262	65.6298613446407
59.55432	7.28653	66.84085	65.629724740855
59.5528	7.302293	66.85509	65.6296700993407
59.55091	7.304173	66.85509	65.6294447030943
59.55014	7.235978	66.78612	65.62948568423
59.5503	7.135589	66.68589	65.62948568423
59.55109	7.020795	66.57189	65.6294242125264
59.55335	7.008323	66.56167	65.6292671181728
59.55579	6.944441	66.50023	65.6291988162799
59.5614	6.903875	66.46528	65.6292124766585
59.56437	6.896883	66.46126	65.6291783257121
59.56263	6.878258	66.44089	65.6293490804442
59.55207	6.87475	66.42682	65.6294651936621
59.53707	6.882962	66.42003	65.6293695710121
59.52413	6.863042	66.38717	65.6292876087407
59.51948	6.727153	66.24663	65.6292124766585
59.52022	6.663061	66.18328	65.6292876087407
59.52028	6.645496	66.16577	65.6292124766585
59.51551	6.645762	66.16127	65.6290348917371
59.50877	6.681579	66.19035	65.628939269087
59.50637	6.683192	66.18956	65.6286865520835
59.50949	6.644965	66.15445	65.6285909294334
59.51391	6.635485	66.1494	65.6283587029977
59.51767	6.626021	66.14369	65.6281606275084
59.52341	6.620573	66.14398	65.6280445142905
59.53222	6.607141	66.13936	65.6279284010726
59.54101	6.595169	66.13618	65.6279147406941
59.54392	6.591421	66.13535	65.6277508161512
59.54499	6.587403	66.13239	65.627627872744
59.54489	6.580315	66.12521	65.6276893444476
59.53971	6.581834	66.12154	65.6276825142583
59.52424	6.596625	66.12086	65.6278805897476
59.50138	6.621876	66.12326	65.6278396086119
59.47958	6.635721	66.1153	65.627675684069
59.47138	6.653813	66.12519	65.6274434576333
59.47322	6.654078	66.1273	65.6278122878548
59.48004	6.641098	66.12114	65.6277030048262
59.48973	6.634835	66.12457	65.6281196463727
59.49542	6.625932	66.12135	65.6283587029977
59.49147	6.631907	66.12337	65.6285021369727
59.47779	6.643548	66.12135	65.6288641370049
59.46611	6.760539	66.22665	65.6288777973835
59.46411	6.897764	66.36188	65.6287275332192
59.46846	6.918917	66.38738	65.6287890049227
59.47414	6.915684	66.38982	65.6290622124942
59.47973	6.87475	66.35448	65.6290553823049
59.48986	6.854578	66.34444	65.6291168540085
59.50727	6.840887	66.34816	65.6289529294656
59.52687	6.780295	66.30716	65.6288299860585
59.55172	6.75244	66.30416	65.6290075709799
59.58484	6.734088	66.31892	65.6288777973835
59.63166	6.690525	66.32219	65.6285977596227
59.68313	6.579599	66.26273	65.6283723633763
59.73659	6.545145	66.28173	65.6282357595905
59.79532	6.487004	66.28233	65.6282016086441
59.86071	6.426478	66.28719	65.628365533187
59.91658	6.335616	66.2522	65.6282357595905
59.99687	6.290833	66.2877	65.6281264765619
60.1156	6.145545	66.26114	65.6274980991476
60.28848	5.773429	66.06191	65.6283040614834
60.57219	5.515088	66.08728	65.6295744766907
61.08189	4.205285	65.28718	65.6303257975122
61.79621	3.192488	64.9887	65.6272727029011
62.6991	1.511549	64.21065	65.6280991558048
63.6827	0.5341251	64.21683	65.6245337969972
64.7215	2.008473	66.72998	65.6266306651082
65.60999	3.377132	68.98712	65.624622589458
66.37902	3.847409	70.22643	65.627532250094
67.06228	4.695443	71.75772	65.633754552534
67.59543	5.283127	72.87856	65.6363227037058
68.06917	5.510076	73.57925	65.6392255341526
68.51985	6.006552	74.52641	65.6421147042207
68.99808	6.489029	75.48711	65.6459601007891
69.43951	7.043725	76.48324	65.649962591711
69.85568	7.437644	77.29333	65.6561439130153
70.21841	7.994066	78.21247	65.6611504417623
70.42818	8.359897	78.78807	65.6589579510013
70.49512	8.59416	79.08929	65.6593336114121
70.42419	8.617621	79.04181	65.6616627059588
70.23743	8.130597	78.36803	65.6649616873842
69.99621	7.589955	77.58617	65.6687182914918
69.70193	7.061693	76.76363	65.6737999523209
69.32722	23.19623	92.52345	65.6766413110641
68.9364	47.42265	116.3591	65.6791684811001
68.53988	51.49975	120.0396	65.6812926699682
68.17146	55.29027	123.4617	65.6804252359289
67.81789	55.22482	123.0427	65.6796807452966
67.51541	55.19545	122.7109	65.6757465562676
67.22946	55.1306	122.3601	65.6744078391674
66.93857	55.07307	122.0116	65.6735404051281
66.68535	55.06882	121.7542	65.6725841786279
66.44589	55.10558	121.5515	65.6709722539563
66.19684	55.11491	121.3117	65.6704463293812
65.88589	55.03949	120.9254	65.6685611971382
65.5451	54.99011	120.5352	65.6686636499775
65.18294	54.91196	120.0949	65.6677347442345
64.8168	26.82974	91.64655	65.6666419139487
64.50938	26.83214	91.34152	65.6659793855879
64.21778	3.495136	67.71291	65.6654193100664
63.88918	3.717996	67.60718	65.6649480270056
63.56423	3.819314	67.38354	65.6639713099376
63.25278	3.805188	67.05797	65.6625438003767
62.97487	4.089405	67.06428	65.6611641021409
62.7081	4.337702	67.0458	65.65983221523
62.47804	4.451091	66.92913	65.6588759887299
62.26998	4.675166	66.94514	65.6571821017868
62.10365	4.804322	66.90797	65.6555018752223
61.99465	4.835415	66.83006	65.6550852336759
61.95309	4.741567	66.69466	65.6555701771152
61.94598	4.589835	66.53581	65.6533503655971
61.94943	4.256114	66.20554	65.6514720635433
61.94828	4.255515	66.2038	65.6494434973252
61.94222	4.257954	66.20018	65.6473944405392
61.93358	4.231423	66.16501	65.6456595724605
61.91912	4.175091	66.09422	65.6440544779781
61.89679	4.098589	65.99538	65.6436924779459
61.86639	4.101312	65.9677	65.6428728552315
61.82884	4.10513	65.93397	65.6429821382601
61.79189	4.140376	65.93227	65.6432007043173
61.75759	4.161607	65.9192	65.6435968552959
61.72081	4.162736	65.88355	65.6435080628352
61.67735	4.250865	65.92822	65.6429957986387
61.63339	4.281759	65.91515	65.6429889684494
61.5938	4.321598	65.9154	65.643098251478
61.56282	4.317154	65.87997	65.6422034966815
61.5433	4.308435	65.85174	65.6416844022957
61.52503	4.256666	65.7817	65.6415546286993
61.50435	4.253444	65.7578	65.6415341381314
61.4823	4.263746	65.74605	65.6413087418849
61.4684	4.274343	65.74274	65.6412062890456
61.46011	4.2693	65.72941	65.6411106663956
61.45513	4.269071	65.7242	65.6410765154492
61.45522	4.287839	65.74306	65.6410696852599
61.46847	4.281165	65.74963	65.6410560248813
61.49551	4.273472	65.76899	65.6411584777206
61.53552	4.284184	65.8197	65.6416639117278
61.57433	4.246301	65.82063	65.6423127797101
61.6125	4.233737	65.84624	65.6428045533387
61.65477	4.21073	65.86549	65.6434465911316
61.68286	20.17242	81.85528	65.6441979119531
61.68468	16.86111	78.54579	65.6462333083605
61.66382	23.65073	85.31456	65.6476813084893
61.63827	23.59882	85.23709	65.6481184406036
61.63037	23.55866	85.18903	65.6482072330643
61.64132	23.55429	85.19561	65.648890251993
61.66962	23.57782	85.24744	65.6498328181145
61.70287	23.6239	85.32677	65.650392893636
61.72946	23.64684	85.3763	65.6509324785897
61.74267	23.68528	85.42796	65.6509324785897
61.74274	27.02434	88.76708	65.6516223277076
61.73674	18.27369	80.01042	65.6519433466041
61.72663	15.11965	76.84628	65.6524556108005
61.70799	4.543812	66.25181	65.6531864410542
61.68387	4.604875	66.28874	65.6539172713079
61.65746	4.64452	66.30199	65.6544158751258
61.63442	4.758311	66.39273	65.6547232336437
61.61079	4.791788	66.40257	65.6548803279973
61.58068	4.791051	66.37173	65.655064743108
61.54123	4.817637	66.35886	65.6556726299545
61.49744	5.159208	66.65665	65.6562736866117
61.46339	5.209136	66.67252	65.6564581017225
61.43289	5.208384	66.64127	65.6566698375903
61.4004	5.241946	66.64235	65.6567927809975
61.36417	5.282719	66.6469	65.6570113470547
61.33615	5.305076	66.64123	65.6572435734904
61.32289	5.37939	66.70228	65.6573323659511
61.32679	5.362534	66.68933	65.6568952338368
61.3459	5.343388	66.68929	65.656423950776
61.37247	5.225135	66.59761	65.6554540638973
61.40032	5.161942	66.56226	65.6548939883758
61.42242	5.131371	66.55379	65.6548803279973
61.43007	5.113126	66.54319	65.6549417997009
61.42757	5.09693	66.52451	65.6549896110258
61.41943	5.149705	66.56914	65.6552764789759
61.4082	5.147498	66.55569	65.6555906676831
61.39188	5.185762	66.57764	65.6555496865473
61.37247	5.187274	66.55975	65.6555087054116
61.3498	5.194672	66.54446	65.6554813846545


0	0	0	0.672894346973835
0	0.01978234	0.01978234	1.0355209423049
0	0.01978234	0.01978234	1.34333772321088
0	0.06255726	0.06255726	1.74551581026605
0	0.0656106	0.0656106	2.15295079519427
0	0.06852804	0.06852804	2.60045369818968
0	0.08392937	0.08392937	3.03505885593457
0.02797646	0.09891172	0.1268882	3.47688245653824
0.03426402	0.1083524	0.1426164	4.12592482202816
0.04423466	0.1119058	0.1561405	4.47242587406228
0.05233916	0.1136409	0.1659801	4.7835631941786
0.05233916	0.1119058	0.164245	5.22025817640174
0.05595291	0.1046783	0.1606312	5.663235652108
0.05934703	0.1065312	0.1658782	6.0887564446584
0.05934703	0.20842	0.267767	6.50800883099109
0.0656106	2.805469	2.87108	6.94689801152253
0.08622923	4.570933	4.657162	7.39000440705157
0.1251145	5.20654	5.331654	7.81112741147511
0.1988102	5.194973	5.393784	8.24214479885384
0.3274564	5.118181	5.445638	8.85747399035573
0.4338616	5.000142	5.434004	9.17701671216277
0.5928131	4.95634	5.549153	9.51655139801147
0.7917944	4.839262	5.631056	9.965690131341
1.002101	5.049349	6.051451	10.3783923661479
1.233053	5.302822	6.535874	10.8016472434025
1.495802	5.364726	6.860528	11.2103077136991
1.748093	5.464254	7.212347	11.6553824844032
2.006328	5.596361	7.60269	12.0410380234091
2.276323	5.677476	7.953799	12.4847015062518
2.580657	5.649479	8.230137	12.9005985620975
2.91873	6.302976	9.221706	13.4618121638823
3.185306	7.371103	10.55641	13.7740278001322
3.541216	7.548161	11.08938	14.1242218501362
3.902442	7.603207	11.50565	14.5278553011179
4.285097	7.473045	11.75814	14.9225258362084
4.674621	7.322711	11.99733	15.3428215339546
5.086386	7.142294	12.22868	15.7405041825205
5.462568	6.968127	12.4307	16.1494737188823
5.833211	7.0237	12.85691	16.5420183575574
6.225481	6.916535	13.14202	16.9493776767949
6.582758	6.632943	13.2157	17.3559344487913
7.004796	6.578914	13.58371	17.92557052774
7.297213	6.575515	13.87273	18.2206142143499
7.636354	6.53918	14.17553	18.5172322595904
7.976982	6.434467	14.41145	18.8971581235586
8.321404	6.431755	14.75316	19.298453942257
8.696895	6.265693	14.96259	19.6769266834545
9.055577	6.206746	15.26232	20.0542485377573
9.428233	6.131621	15.55985	20.4425021100131
9.82311	6.124519	15.94763	20.8222077003768
10.27169	6.002406	16.2741	21.2052293476391
10.71008	5.924502	16.63458	21.5874911363433
11.2689	6.562439	17.83134	22.1172867211837
11.64928	6.94122	18.5905	22.3984907367519
12.20591	6.947717	19.15362	22.6860041396734
12.77177	6.849139	19.6209	23.0497748984317
13.41255	6.506743	19.91929	23.4223275730651
14.01755	6.112664	20.13021	23.7736844627951
14.60814	7.117034	21.72517	24.1629437804233
15.17654	6.973952	22.15049	24.5279098223068
15.76193	6.720912	22.48284	24.8568653987243
16.28216	6.595287	22.87745	25.2136471662951
16.77365	6.505568	23.27922	25.576407057039
17.36932	6.384787	23.75411	26.0868834514825
17.71599	6.20286	23.91885	26.3526529468104
18.13703	6.170537	24.30756	26.6196245554527
18.53388	6.024736	24.55862	26.9666493976277
18.9366	5.988903	24.9255	27.311541513198
19.29698	6.209367	25.50634	27.6556823079468
19.64902	6.37166	26.02069	27.9915141774286
19.99343	6.130726	26.12416	28.3160728194929
20.35725	5.885697	26.24295	28.6460973205338
20.69485	5.817397	26.51225	28.9868998602688
21.02717	5.740576	26.76774	29.3208687956226
21.42211	5.531693	26.9538	29.76317136325
21.7007	5.551003	27.2517	29.9958827424311
22.02925	5.670187	27.69944	30.2853803153404
22.3855	5.52985	27.91535	30.5967071732094
22.71541	5.401202	28.11661	30.9268921836985
23.04176	5.318614	28.36037	31.2546354015177
23.36534	5.092854	28.45819	31.5521482015547
23.69526	4.849211	28.54447	31.8584377948249
24.05905	4.835618	28.89466	32.1697919734511
24.40595	4.824058	29.23001	32.4805860765558
24.75109	4.604109	29.3552	32.7804108956663
25.18756	4.560809	29.74836	33.2277678033657
25.45167	4.538593	29.99026	33.446586577538
25.78891	4.424078	30.21298	33.703251430547
26.151	4.415348	30.56635	33.977080549233
26.48381	4.370764	30.85457	34.2834247840175
26.81064	4.243625	31.05426	34.5673659979422
27.13844	4.154495	31.29293	34.8526630044403
27.49548	4.174481	31.66996	35.1484921628182
27.83233	4.289665	32.12199	35.4341682448216
28.16742	5.033766	33.20119	35.7135434772083
28.51894	5.266336	33.78527	36.0052301257839
28.88823	5.483979	34.37221	36.3995506136735
29.16423	5.366077	34.53031	36.6199915578014
29.48547	5.379317	34.86478	36.8210450096395
29.82578	5.346761	35.17254	37.1078753936324
30.13696	5.284647	35.42161	37.3763496439177
30.44185	5.236186	35.67803	37.6468046490962
30.76411	5.228734	35.99285	37.9178060694176
31.06721	5.200552	36.26776	38.1865569423691
31.37948	5.111555	36.49103	38.4497343808627
31.72723	5.093969	36.8212	38.7145476496905
32.05932	5.035517	37.09483	38.994681033088
32.43962	4.969644	37.40926	39.3524804988625
32.7235	4.928236	37.65173	39.5386577984345
33.04995	4.847594	37.89754	39.7549015912459
33.39502	4.747636	38.14265	40.0247316341046
33.71425	4.689055	38.40331	40.2696997879604
34.0342	4.579795	38.614	40.5137151304107
34.37757	4.518827	38.8964	40.7612753411008
34.70008	4.4066	39.10668	41.009340985798
35.03011	4.343027	39.37314	41.2478751013459
35.39016	4.098302	39.48846	41.4871605377153
35.72507	3.89043	39.6155	41.725380464556
36.29041	3.610156	39.90057	42.0701820801183
36.54588	3.506098	40.05198	42.3696141633448
36.77852	3.516414	40.29493	42.5325107627338
37.05875	4.33427	41.39302	42.7038324006076
37.38597	4.492701	41.87867	42.8996778331148
37.73621	4.580736	42.31694	43.1312622310636
38.06194	4.473783	42.53572	43.355230967958
38.3899	4.442766	42.83266	43.5743810063107
38.71	4.368433	43.07844	43.7974208374621
39.04712	4.358198	43.40531	44.0161644795523
39.35082	4.360714	43.71154	44.2415060844933
39.70996	4.384052	44.09401	44.5488885080494
39.95862	4.337296	44.29592	44.7099068053845
40.24535	4.338109	44.58346	44.8852343492749
40.52566	4.344785	44.87045	45.0986777644788
40.79859	4.353522	45.15211	45.3194397275031
41.07826	4.360624	45.43889	45.5203190095144
41.33363	4.336076	45.66971	45.72709274488
41.58609	4.314205	45.9003	45.9367214993673
41.8363	4.16913	46.00543	46.1363986680642
42.10035	3.855645	45.95599	46.3373325915897
42.33902	3.723574	46.0626	46.5452503836608
42.60333	3.545305	46.14863	46.8214598233132
42.81356	3.429711	46.24327	46.960491741335
43.03632	3.372375	46.4087	47.1408155686885
43.2552	3.232284	46.48748	47.3364424351384
43.48601	3.11395	46.59996	47.5233095838284
43.69369	3.071859	46.76554	47.7156989405566
43.89538	3.000157	46.89553	47.9088874294312
44.09185	2.927503	47.01936	48.0990842953984
44.29916	2.915912	47.21508	48.2838409155989
44.4889	2.911949	47.40084	48.4758546119162
44.67307	2.92389	47.59696	48.6630530247866
44.88795	2.940847	47.82879	48.9297992371825
45.03795	2.939515	47.97746	49.0530841538042
45.21231	2.959889	48.1722	49.2124666208053
45.38828	2.963855	48.35214	49.3851406361579
45.57642	2.961145	48.53756	49.5673120297134
45.74715	2.97664	48.72379	49.7481788571151
45.91518	2.982488	48.89766	49.9365793833
46.09545	2.990157	49.08561	50.0941074539097
46.26413	2.987406	49.25153	50.2782322816011
46.42993	2.979401	49.40933	50.4489118816821
46.59509	2.989437	49.58453	50.6200627648238
46.80606	3.018372	49.82443	50.8786025047919
46.93241	3.030282	49.96269	51.004219931055
47.08693	3.049922	50.13685	51.1307696781557
47.23336	3.033317	50.26667	51.292245598173
47.38177	2.979993	50.36176	51.4632871982861
47.5144	2.93705	50.45145	51.6250124202124
47.64403	2.944705	50.58873	51.7868127742209
47.78238	2.95519	50.73756	51.9471719582899
47.91065	2.990223	50.90088	52.1205324076657
48.03897	3.008042	51.04701	52.2747000251465
48.16636	3.005633	51.17199	52.4285910199612
48.32729	3.048381	51.37567	52.6630748332622
48.423	3.087179	51.51019	52.7792153718902
48.54134	3.127438	51.66878	52.8890789665639
48.66345	3.153246	51.8167	53.0467880371897
48.77121	3.190832	51.96204	53.201228862242
48.87701	3.218384	52.09539	53.3500723471739
48.99077	3.220026	52.2108	53.5049229835833
49.09197	3.221364	52.31333	53.6525233740651
49.18564	3.248958	52.4346	53.800724821204
49.27494	3.259426	52.53437	53.9452106453711
49.3672	3.243712	52.61092	54.0938116585834
49.4712	3.24335	52.71455	54.3113361118859
49.53885	3.252451	52.7913	54.4188467063505
49.63082	3.257143	52.88796	54.5278736028366
49.71343	3.284914	52.99835	54.6713075778536
49.79284	3.314521	53.10736	54.808112854168
49.86869	3.331313	53.20001	54.9570041504249
49.95029	3.35503	53.30532	55.0967054269968
50.02938	3.398457	53.42784	55.2297711746769
50.11285	3.377248	53.49009	55.3700666777167
50.20194	3.353688	53.55563	55.5075652182437
50.30498	3.440711	53.74569	55.6435713624116
50.42219	3.504367	53.92656	55.8296564544283
50.51517	3.520198	54.03537	55.9220040286767
50.63597	3.587578	54.22355	56.0429154545214
50.74989	3.671305	54.4212	56.1781122212588
50.86531	3.713569	54.57888	56.3107408368245
50.98406	3.804931	54.78899	56.4393020746701
51.11476	3.847206	54.96196	56.5659542746101
51.24381	3.94541	55.18922	56.6927020972001
51.3806	4.038373	55.41898	56.8221136936119
51.52835	4.157888	55.68623	56.9454874026943
51.66027	4.275947	55.93621	57.0716614893843
51.79658	4.367626	56.1642	57.2513022978091
51.89686	4.49488	56.39174	57.3399786453161
51.99896	4.621223	56.62018	57.4454435980893
52.09535	4.682408	56.77776	57.5664335711107
52.18754	4.776924	56.96447	57.6876147894322
52.28563	4.875922	57.16155	57.8038236299531
52.37662	4.917451	57.29407	57.9268694899499
52.46456	5.007072	57.47163	58.0473881799106
52.55388	5.020242	57.57412	58.1661310206568
52.63456	4.783481	57.41804	58.285994012446
52.71519	4.749204	57.46439	58.4008368151096
52.81284	4.70153	57.51437	58.5714549434869
52.8821	4.666904	57.549	58.657631441715
52.961	4.669506	57.63051	58.7467927326612
53.03569	4.690183	57.72587	58.8588829690424
53.10661	4.705778	57.81239	58.9673668654802
53.17716	4.710979	57.88814	59.0800786490864
53.24094	4.687175	57.92811	59.1942725837678
53.30331	4.678056	57.98136	59.3039585935201
53.36715	4.66052	58.02767	59.4105641879041
53.42542	4.665645	58.09106	59.5280571040109
53.48166	4.650042	58.13171	59.6363975664738
53.55135	4.652484	58.20383	59.7973714675785
53.58927	4.685043	58.27431	59.8744843046234
53.6341	4.746893	58.381	59.9567949157153
53.6753	5.308841	58.98415	60.0606479438169
53.71621	5.376839	59.09304	60.1667207834366
53.74884	5.732444	59.48128	60.2737225287992
53.77434	5.786045	59.56038	60.3818102742585
53.79541	6.084247	59.87966	60.4814559057595
53.81002	6.176412	59.98643	60.5849196130718
53.81938	6.236494	60.05587	60.6844627917336
53.82452	6.262063	60.08659	60.7878240462065
53.82726	6.31581	60.14307	60.9869513846659
53.82567	6.322791	60.14846	61.061974183789
53.82418	6.38405	60.20823	61.1342717373869
53.82394	6.536571	60.36051	61.2061799701954
53.82241	6.625813	60.44822	61.2809910334507
53.81795	6.719744	60.5377	61.3759648154798
53.81208	6.701684	60.51376	61.4725505221805
53.80593	6.682606	60.48853	61.5691225685027
53.79889	6.688091	60.48698	61.6675319357429
53.79181	6.783246	60.57505	61.7598146231931
53.78441	6.829839	60.61425	61.855498744908
53.77769	6.924754	60.70245	61.9960640404246
53.77145	6.978844	60.75029	62.0634233671683
53.75735	6.990527	60.74788	62.1331937507302
53.73997	7.072823	60.81279	62.2284065893843
53.7243	7.100311	60.82461	62.3247464092707
53.70957	7.288712	60.99828	62.413812077567
53.69604	7.304146	61.00018	62.5016961231167
53.6826	7.465611	61.14821	62.5919843952952
53.67126	7.614479	61.28574	62.6793288558913
53.66109	7.621562	61.28265	62.7684081845661
53.64952	7.686714	61.33624	62.8594409473769
53.63164	7.877063	61.50871	62.9891667324958
53.61853	7.907629	61.52616	63.0517859078747
53.60072	7.998363	61.59909	63.1260778767442
53.58541	8.057199	61.64261	63.2123499976223
53.57161	8.124027	61.69563	63.2972355900752
53.55949	8.168612	61.7281	63.3773127292704
53.54881	8.190887	61.7397	63.4637146237449
53.53875	8.311936	61.85068	63.5510181032052
53.52861	8.357712	61.88632	63.6326798463149
53.51768	8.394284	61.91196	63.713112155353
53.50588	8.540793	62.04668	63.7958325778021
53.49321	8.764167	62.25737	63.910135795512
53.48322	8.899053	62.38227	63.9690666686762
53.46918	9.211983	62.68117	64.0435157318993
53.45662	9.331614	62.78824	64.1215847954442
53.44706	9.345736	62.79279	64.2027342743574
53.43842	9.459329	62.89774	64.2841433004635
53.4276	9.679182	63.10678	64.3604023638475
53.41735	9.758625	63.17598	64.4403019181213
53.40738	9.788821	63.19621	64.4495090132795
53.39812	9.832534	63.23066	64.4499051642581
53.38856	9.938065	63.32663	64.4503013152367
53.37951	10.12411	63.50362	64.4505950133761
53.37223	10.16247	63.53469	64.4506838058368
53.36245	10.19646	63.55891	64.4506701454582
53.35443	10.28539	63.63982	64.4508682209475
53.3481	10.37803	63.72614	64.451189239844
53.33852	10.49115	63.82967	64.451237051169
53.32505	10.52364	63.84869	64.4514897681726
53.30904	10.53881	63.84786	64.4516332021476
53.2906	10.57648	63.86709	64.4519747116119
53.27436	10.62127	63.89562	64.4518244474476
53.26062	10.64244	63.90306	64.4517015040405
53.24927	10.73755	63.98682	64.4518722587726
53.23599	10.77693	64.01292	64.4519405606655
53.22509	10.79364	64.01874	64.4520156927477
53.21564	10.81003	64.02567	64.4521318059655
53.20493	10.85493	64.05985	64.4523435418334
53.19396	10.86959	64.06355	64.4525211267549
53.18316	10.89181	64.07497	64.4528626362192
53.17275	10.89356	64.06631	64.4529719192478
53.1642	10.92015	64.08435	64.4532519570085
53.157	10.92692	64.08392	64.4530948626549
53.14996	10.96088	64.11084	64.4532314664407
53.14087	11.00076	64.14162	64.4527055418656
53.12936	11.03376	64.16312	64.4529719192478
53.11839	11.07251	64.1909	64.4531836551157
53.10867	11.08798	64.19665	64.453572975905
53.09702	11.09771	64.19473	64.4537300702586
53.08602	11.1272	64.21321	64.4521386361548
53.07552	11.13379	64.20932	64.4524255041049
53.06654	11.13581	64.20235	64.4510731266261
53.05946	11.18454	64.244	64.4512712021154
53.05497	11.05989	64.11486	64.4515853908226
53.05098	11.07697	64.12795	64.4499119944474
53.04653	11.07565	64.12218	64.4501442208831
53.0423	11.02544	64.06775	64.448757692458
53.03674	10.97519	64.01192	64.4495295038474
53.03338	10.92133	63.95472	64.4501100699367
53.03424	10.91607	63.95031	64.4505813529975
53.03558	10.78255	63.81813	64.4508818813261
53.0368	10.75989	63.79669	64.4510799568154
53.03725	10.70716	63.74441	64.4512916926833
53.03809	10.65165	63.68974	64.4516263719583
53.0383	10.5816	63.6199	64.4515853908226
53.03657	10.57421	63.61079	64.4517424851762
53.03331	10.56675	63.60006	64.4479585603115
53.02961	10.54749	63.5771	64.4464081073434
53.02659	10.52792	63.55451	64.4437716542788
53.02422	10.5024	63.52661	64.444324899611
53.02419	10.53842	63.56261	64.4429247108073
53.02443	10.52177	63.5462	64.4417225974929
53.0248	10.51294	63.53774	64.443798975036
53.02425	10.51021	63.53445	64.4429042202394
53.02255	10.48533	63.50789	64.442822257968
53.02113	10.48592	63.50705	64.4418182201429
53.02235	10.49895	63.5213	64.4417157673036
53.02163	10.49349	63.51512	64.4420572767679
53.01823	10.47811	63.49634	64.4430681447823
53.01429	10.56479	63.57909	64.4422416918786
53.00974	10.51378	63.52353	64.4426173522894
53.00771	10.51481	63.52253	64.4426173522894
53.00325	10.51751	63.52076	64.4426719938037
52.99231	10.51579	63.50809	64.4446868996432
52.97901	10.5199	63.49891	64.4456499563326
52.96717	10.46907	63.43624	64.4478356169043
52.95767	10.47403	63.4317	64.4489421075687
52.94841	10.44749	63.3959	64.4496251264974
52.93795	10.45378	63.39172	64.4501373906939
52.92807	10.45696	63.38503	64.4506701454582
52.91947	10.44205	63.36152	64.4511277681404
52.9129	10.4531	63.366	64.451619541769
52.9065	10.45399	63.36049	64.4520430135048
52.89958	10.43539	63.33497	64.4518585983941
52.89632	10.43536	63.33168	64.4520225229369
52.89434	10.43519	63.32953	64.452165956912
52.89371	10.43604	63.32974	64.4517902965012
52.8941	10.44617	63.34027	64.4517356549869
52.89304	10.42221	63.31524	64.4516536927155
52.89355	10.29245	63.186	64.4519269002869
52.89466	10.27412	63.16879	64.4516741832833
52.89528	10.2453	63.14059	64.4516810134726
52.89452	10.24565	63.14017	64.4516536927155
52.8937	10.22518	63.11888	64.4518039568798
52.89068	10.21777	63.10845	64.4515102587405
52.88875	10.17579	63.06454	64.451428296469


0	0.05595291	0.05595291	0.521145416913312
0	0.1153499	0.1153499	0.914501834257249
0.03956468	0.20842	0.2479847	1.31373120053137
0.05595291	0.2298502	0.2858031	1.75312314702733
0.08392937	0.2462884	0.3302177	2.21054273781482
0.1136409	0.2556444	0.3692853	2.62226612111961
0.1519511	0.25101	0.4029611	3.07083922939885
0.191797	0.2846186	0.4764156	3.51769475851595
0.2548778	0.2654082	0.520286	4.15152437147405
0.3045456	0.2272819	0.5318276	4.50193399932738
0.3881583	0.1426525	0.5308108	4.82153947349849
0.4825446	0.06255726	0.5451019	5.25005103518273
0.5947903	0.1203313	0.7151216	5.68465171061589
0.7372789	0.1887116	0.9259905	6.1305021346908
0.8963478	0.5688952	1.465243	6.57411311045338
1.089124	4.774545	5.863669	6.98465999365357
1.320862	7.140399	8.46126	7.4274278679261
1.612526	9.706626	11.31915	7.87477026147327
1.916323	11.72614	13.64246	8.31826469713116
2.317818	12.77822	15.09604	8.92691396351083
2.624505	12.95805	15.58255	9.24146040185478
3.013633	12.7437	15.75733	9.60475987755227
3.441564	12.53923	15.98079	10.0115847344781
3.917767	12.33945	16.25722	10.4534032124398
4.484279	11.76586	16.25014	10.8802507692591
5.066239	11.13319	16.19943	11.3008709009965
5.689821	10.74094	16.43076	11.7347526990072
6.390282	9.9133	16.30358	12.1589100150213
7.058803	9.153368	16.21217	12.5921437988235
7.74618	8.326169	16.07235	12.9905086125443
8.672332	7.971936	16.64427	13.6216326167713
9.264547	7.057135	16.32168	13.9288306252166
10.03637	6.068051	16.10442	14.2539168994033
10.80362	5.682582	16.4862	14.6855131453241
11.59556	4.744582	16.34014	15.1003788425875
12.30285	6.925264	19.22811	15.5119096999318
13.00039	8.384103	21.3845	15.9084841502859
13.70453	10.29709	24.00163	16.3576698411668
14.47372	11.21431	25.68803	16.7427644508776
15.19404	11.67204	26.86608	17.1403241560363
15.91805	10.95506	26.87311	17.5637395427391
16.81516	10.22957	27.04473	18.149595613696
17.44977	9.397621	26.84739	18.4564879711707
18.17639	8.92929	27.10568	18.7742864333887
18.88724	8.063167	26.95041	19.1811471488083
19.63262	7.272623	26.90524	19.5829142505675
20.32891	6.882506	27.21142	19.9880657111182
21.01245	5.998518	27.01097	20.3917538036142
21.69911	5.268121	26.96723	20.7701223844251
22.27143	4.605938	26.87737	21.1540251261054
22.77343	4.308526	27.08196	21.5567655298379
23.25783	4.515922	27.77376	21.9521429895195
23.75676	5.578227	29.33499	22.4919448016647
24.13334	5.764358	29.8977	22.7640014862309
24.57679	5.335865	29.91265	23.1016979973878
25.0547	4.847352	29.90205	23.4794962573933
25.51161	4.587872	30.09949	23.8655607539828
25.98575	4.030898	30.01664	24.2393940891074
26.45909	3.458419	29.91751	24.6106029239987
27.05462	2.913831	29.96845	25.1895058622619
27.36933	2.685694	30.05502	25.4739388498152
27.73037	2.241492	29.97186	25.743041477515
28.13738	1.844617	29.98199	26.0925525085903
28.54901	1.530207	30.07921	26.6068094128039
28.83569	1.431081	30.26677	26.8694131153975
29.14756	1.13832	30.28588	27.1885485871683
29.4584	0.9717657	30.43017	27.5316341176723
29.72127	1.696852	31.41812	27.8848300358677
29.95177	2.12486	32.07663	28.2445965961568
30.15783	2.334562	32.49239	28.5911894288594
30.31752	2.454554	32.77207	28.9452186301478
30.46207	2.624057	33.08613	29.2921888308085
30.60942	2.779181	33.38861	29.6282204833269
30.7911	2.873512	33.66461	29.9812900430205
31.02635	3.086418	34.11277	30.4630574443454
31.19045	3.325902	34.51635	30.7272150150017
31.42291	3.454794	34.87771	30.9908090950418
31.64049	3.723574	35.36406	31.3291903326748
31.85547	3.939946	35.79542	31.653036927506
32.06185	4.161983	36.22383	31.9811387302627
32.27089	4.141606	36.41249	32.305989362919
32.45695	4.330381	36.78734	32.6422976381035
32.64594	4.484104	37.13004	32.962503742045
32.86317	4.540967	37.40413	33.2878598087085
33.08261	4.655431	37.73804	33.634430443296
33.35782	4.736524	38.09435	34.0614846133412
33.52847	4.760739	38.2892	34.2899715204486
33.74643	4.704945	38.45138	34.5295745606199
33.93571	2.650258	36.58597	34.8453478717144
34.12321	1.483585	35.6068	35.1449336341999
34.33446	1.372448	35.70691	35.4603483603569
34.55198	1.532507	36.08449	35.7622905381462
34.7896	1.698235	36.48783	36.0618319044013
35.03448	1.721583	36.75606	36.37641676256
35.2861	1.841219	37.12732	36.6677209205356
35.51173	1.930365	37.44209	36.9542234554427
35.77816	1.894652	37.67281	37.3606675293159
36.01249	1.956648	37.96914	37.5680081703922
36.27431	2.162565	38.43687	37.8331048920754
36.53476	2.380308	38.91507	38.1083137089973
36.78671	2.469579	39.25628	38.3982654894941
37.05077	2.648041	39.69881	38.689576477659
37.29762	2.689409	39.98703	38.9588259544284
37.54641	2.73924	40.28565	39.238785167999
37.81491	1.100029	38.91494	39.5207558723146
38.06635	1.765581	39.83193	39.793020877654
38.31553	3.190464	41.50599	40.0645004112254
38.60942	4.172088	42.78151	40.453804125084
38.81075	4.122791	42.93354	40.6563124072401
39.04747	4.057579	43.10505	40.864356557813
39.29057	3.957651	43.24822	41.1409348276868
39.55516	3.78729	43.34245	41.4132100783101
39.79704	3.570509	43.36755	41.6674570443117
40.03108	3.518084	43.54917	41.9154817078732
40.26066	3.470344	43.731	42.1780512595204
40.50956	3.227617	43.73717	42.4374652637172
40.75248	3.073006	43.82549	42.6847044555107
41.01371	2.918462	43.93217	42.9427080256198
41.35376	2.59367	43.94743	43.2908974150682
41.59726	2.293113	43.89038	43.4717505820914
41.86895	2.116184	43.98513	43.6895414127762
42.11923	1.835257	43.95449	43.9334338118193
42.36799	1.609976	43.97797	44.1646971908717
42.59409	1.470602	44.06469	44.404098740459
42.81645	1.240962	44.05742	44.6478613659057
43.04573	1.02125	44.06699	44.8890934062218
43.25144	0.8593453	44.11079	45.121842351444
43.45902	0.8132511	44.27227	45.3528871644392
43.68235	0.6483091	44.33066	45.5912300346871
43.96644	0.5031891	44.46963	45.923091856646
44.16405	0.5885065	44.75255	46.0783181534662
44.38504	1.281764	45.66681	46.2770561711362
44.62004	1.88554	46.50558	46.5009907570841
44.85378	1.902898	46.75668	46.7251541543732
45.10309	1.724309	46.8274	46.9449667210867
45.36372	1.46607	46.82979	47.1692359863097
45.64828	1.231465	46.87974	47.3799097597579
45.91885	1.116801	47.03566	47.6040458362898
46.20343	0.9528548	47.15629	47.8231992897372
46.52369	0.8849231	47.40862	48.0350888368783
46.87362	0.9569532	47.83057	48.3470645627296
47.07607	1.01818	48.09425	48.4994290102387
47.3013	1.19861	48.49991	48.6639990060028
47.51604	1.265323	48.78136	48.8702912130237
47.70601	1.345666	49.05167	49.0803844203825
47.90007	1.509606	49.40967	49.2864068349265
48.11933	1.680046	49.79938	49.4879554754879
48.33413	1.784545	50.11868	49.6879946442169
48.55529	1.951239	50.50653	49.8996348894491
48.77611	2.160845	50.93696	50.091634925388
49.01075	2.271072	51.28182	50.2885185466666
49.26764	2.457502	51.72514	50.5734159870914
49.42153	2.658296	52.07982	50.7110101502685
49.60554	2.793863	52.3994	50.8654134092796
49.74809	2.834416	52.58251	51.0648856722979
49.87094	2.880384	52.75132	51.2453461034371
49.98513	0.2036718	50.1888	51.4361508562508
50.10542	0.8372003	50.94262	51.6237966465194
50.21635	2.133133	52.34948	51.8095470592611
50.31922	2.149311	52.46853	51.9896489054627
50.41143	2.163742	52.57518	52.1684871666464
50.47783	2.227565	52.70539	52.3585166929761
50.54216	2.322458	52.86461	52.6071321679109
50.58207	2.355095	52.93717	52.7301268014879
50.63874	2.367281	53.00602	52.877494965534
50.69652	2.34727	53.04379	53.0541543963353
50.75604	2.332129	53.08817	53.222433184882
50.82789	2.308934	53.13682	53.4035390689088
50.90347	2.301803	53.20527	53.5722925556109
50.98404	2.285247	53.26929	53.7365620230464
51.06081	2.261312	53.32212	53.9016647735749
51.13737	2.206466	53.34384	54.0712003169504
51.20972	2.138631	53.34835	54.2364874825896
51.29494	2.088067	53.383	54.4633829555932
51.35734	2.050614	53.40795	54.579516664032
51.41492	1.583627	52.99855	54.7202185633344
51.46753	1.140381	52.60791	54.8864141441487
51.52177	1.109241	52.63101	55.0463566866712
51.58105	1.047919	52.62897	55.2002579267698
51.65194	0.9783881	52.63033	55.3533907705736
51.69601	0.9462603	52.64227	55.5459645424125
51.7519	0.867955	52.61986	55.669433874145
51.79731	0.7977034	52.59501	55.8205176611629
51.83744	0.7548515	52.59229	55.9698495046288
51.88068	0.7292733	52.60996	56.1858883917615
51.91613	0.6889865	52.60512	56.2883036650183
51.952	0.6552143	52.60722	56.4209356956786
51.98438	0.6437659	52.62814	56.5714252562286
52.0143	0.6205508	52.63485	56.7167853446244
52.04036	0.6132555	52.65362	56.8587986402698
52.06832	0.5990517	52.66737	57.0100122008841
52.10132	0.9331415	53.03446	57.153610100444
52.14372	1.73054	53.87426	57.2941685657713
52.18562	1.769567	53.95518	57.4294268042124
52.22432	1.769125	53.99344	57.5757431191083
52.26534	1.787394	54.05273	57.7874926473691
52.28608	1.811213	54.09729	57.8901367319669
52.30985	1.809916	54.11977	57.9859506272783
52.33312	1.797874	54.13099	58.1246649414983
52.3548	1.813805	54.16861	58.2548005379744
52.36723	1.843025	54.21026	58.3908510783727
52.37282	1.859095	54.23191	58.5249686752028
52.37451	2.151587	54.5261	58.6647006876265
52.37806	3.156535	55.5346	58.7861687738981
52.38374	3.599075	55.98282	58.9251221447431
52.39274	3.758486	56.15122	59.0504492879615
52.40648	3.830883	56.23737	59.2404446633447
52.41704	3.860975	56.27801	59.327078784255
52.42735	3.899882	56.32724	59.4328647559246
52.43772	3.984231	56.42195	59.5615250315149
52.44864	3.994736	56.44338	59.6825764762399
52.46043	3.999978	56.4604	59.8127872047982
52.47419	4.018782	56.49297	59.9345763099662
52.48701	4.059895	56.54691	60.0594868116381
52.49377	4.106465	56.60023	60.1793976147523
52.49577	4.136496	56.63226	60.2986868706415
52.49777	4.154306	56.65208	60.4158519376625
52.50494	4.29035	56.79529	60.5848718017468
52.5123	5.363192	57.8755	60.6688967903496
52.51935	6.163321	58.68267	60.7706187993938
52.52176	6.392214	58.91398	60.884737601993
52.52014	6.436966	58.9571	61.0025173860498
52.51688	6.498873	59.01575	61.1163766414562
52.51381	6.522275	59.03609	61.234682350088
52.51054	6.544036	59.05457	61.3474692657764
52.50576	6.554875	59.06063	61.4591975021253
52.50104	6.583294	59.08434	61.5694435873991
52.4986	6.587165	59.08576	61.6833028428055
52.50123	6.599212	59.10044	61.8408206681313
52.5062	6.648387	59.15458	61.9198801091228
52.51231	6.70844	59.22075	62.0107830983371
52.51863	7.067163	59.5858	62.1186522777392
52.52781	7.919858	60.44767	62.2291237592594
52.54084	8.179758	60.7206	62.3370612405543
52.55624	8.197548	60.75379	62.4411874762274
52.56725	8.28316	60.85041	62.5454776364433
52.57574	8.322607	60.89835	62.6490096456484
52.58329	8.335856	60.91914	62.7539008625215
52.5894	8.452243	61.04165	62.8596185322983
52.59288	8.484593	61.07747	63.0029568846653
52.59044	8.491673	61.08212	63.0713612303699
52.58031	8.506392	61.08671	63.1678581446099
52.56864	8.555291	61.12393	63.2686239271539
52.56026	8.653831	61.21409	63.3654213697225
52.5557	8.711833	61.26754	63.4650396804665
52.54908	8.752818	61.3019	63.5636061420603
52.54116	8.779327	61.32049	63.6609226790147
52.53331	8.808078	61.34139	63.7593661972013
52.52731	8.822785	61.35009	63.8546131868019
52.52681	8.856055	61.38287	63.9542861390601
52.53444	9.192956	61.7274	64.0857672828257
52.54333	9.262193	61.80553	64.1543492134517
52.5486	9.476706	62.0253	64.2382649190259
52.54974	9.633087	62.18283	64.3294752667582
52.54864	9.700405	62.24905	64.4232469354728
52.54705	9.731468	62.27851	64.5166839249125
52.5459	9.763963	62.30986	64.6068014423588
52.54678	9.970208	62.51698	64.7025811867238
52.54503	10.02117	62.5662	64.7940101005132
52.53998	10.03674	62.57672	64.8806237308556
52.53112	10.08514	62.61626	64.9747164184667
52.51635	10.15133	62.66768	65.101662316546
52.50575	10.32626	62.83201	65.1690421338576
52.49585	11.16414	63.65999	65.2353496114512
52.48767	11.23293	63.7206	65.3235683362759
52.48077	11.35165	63.83241	65.4141776273509
52.47408	11.46429	63.93837	65.4976562008108
52.47024	11.55751	64.02775	65.5838941707424
52.47134	11.59327	64.06461	65.673301348503
52.47649	11.65728	64.13377	65.7566023370414
52.48411	11.71773	64.20184	65.8401287218263
52.48956	11.74789	64.23746	65.9273638993938
52.49364	11.76973	64.26337	66.0487227026368
52.49618	11.78821	64.28439	66.1084936890831
52.49744	11.81216	64.30961	66.1729843363265
52.49991	11.81575	64.31566	66.2561555512685
52.50501	11.81768	64.32269	66.3344636714385
52.50734	11.86437	64.3717	66.4177578297876
52.50871	12.03884	64.54755	66.4989004785115
52.50852	12.56856	65.07708	66.5809310518427
52.50572	12.70285	65.20857	66.5807124857855
52.50286	12.76922	65.27208	66.5806510140819
52.50014	12.92789	65.42803	66.5807329763533
52.49812	13.08561	65.58372	66.5804529385926
52.49529	13.12532	65.62061	66.5805553914319
52.49322	13.14983	65.64305	66.5804187876462
52.49536	13.18727	65.68263	66.5804256178355
52.50104	13.20352	65.70456	66.5803641461319
52.50675	13.28585	65.79259	66.5803504857533
52.5092	13.31807	65.82727	66.5804051272676
52.50814	13.3865	65.89463	66.5803778065104
52.50686	13.41332	65.92018	66.5803504857533
52.50835	13.44511	65.95346	66.5804187876462
52.50918	13.45277	65.96195	66.5803231649961
52.50715	13.45745	65.96461	66.5802343725354
52.50044	13.51125	66.01169	66.580104598939
52.48914	13.5778	66.06694	66.5799679951533
52.4759	13.65584	66.13174	66.579913353639
52.46539	13.66975	66.13513	66.5798450517461
52.45807	13.73261	66.19068	66.5797425989068
52.45647	13.77424	66.23071	66.5796742970139
52.45708	13.78977	66.24685	66.5797016177711
52.45609	13.80194	66.25803	66.5797425989068
52.45387	13.82637	66.28024	66.5798040706104
52.44923	13.85502	66.30425	66.579865542314
52.44724	13.86443	66.31167	66.5798382215568
52.44749	13.87234	66.31982	66.5798928630711
52.45202	13.90388	66.3559	66.5799406743961
52.45846	13.92738	66.38584	66.5800499574247
52.46638	13.93181	66.39819	66.5801319196961
52.47128	13.92413	66.39542	66.5802070517783
52.47128	13.92544	66.39672	66.5801797310211
52.46656	13.93276	66.39931	66.5801660706426
52.46029	13.94505	66.40534	66.5800362970461
52.453	13.95069	66.40369	66.5800294668568
52.4457	13.96284	66.40854	66.5799884857211
52.43835	13.97353	66.41189	66.5799679951533
52.43387	13.97922	66.41309	66.5799884857211
52.43153	13.98151	66.41304	66.5799884857211
52.4286	14.00086	66.42946	66.5799475045854
52.42182	14.015	66.43682	66.580104598939
52.40805	14.02813	66.43619	66.5800226366676
52.39439	14.05724	66.45163	66.5799953159104
52.3865	14.07193	66.45843	66.5800704479926
52.38594	14.08024	66.46618	66.5799406743961
52.39045	14.07798	66.46843	66.5800636178033
52.39569	14.07245	66.46814	66.5800362970461
52.39907	14.07334	66.47242	66.5801387498854
52.40303	14.07183	66.47486	66.580152410264
52.40629	14.06959	66.47588	66.5802070517783
52.41239	14.0641	66.47649	66.5802275423461
52.42162	14.06119	66.48281	66.5801865612104
52.43319	14.04879	66.48198	66.5801865612104
52.44075	14.03778	66.47853	66.580248032914
52.44133	14.03578	66.47711	66.5802616932926
52.43449	14.03409	66.46859	66.580248032914
52.42588	14.0425	66.46838	66.5802412027247
52.41889	14.05146	66.47035	66.5802821838604
52.4137	14.05851	66.4722	66.5803026744283
52.41106	14.06222	66.47328	66.5803846366997
52.40837	14.06487	66.47325	66.5804187876462
52.40463	14.06695	66.47158	66.5804119574569
52.40179	14.07239	66.47418	66.5803846366997
52.40002	14.07417	66.4742	66.5803026744283
52.39766	14.07816	66.47581	66.5801797310211
52.39647	14.07928	66.47575	66.5802138819676
52.39714	14.0792	66.47634	66.5801660706426
52.39907	14.07704	66.4761	66.5802275423461
52.40253	14.07485	66.47737	66.580295844239
52.40596	14.07028	66.47624	66.5802412027247
52.40842	14.0656	66.47402	66.5802138819676
52.40726	14.06555	66.47281	66.5801182593176
52.40029	14.07167	66.47196	66.5799679951533
52.38631	14.09647	66.48278	66.5798382215568
52.36787	14.10805	66.47592	66.5796469762568
52.34695	14.13659	66.48354	66.5793737686853
52.33081	14.15818	66.48898	66.5791347120603
52.31646	14.18133	66.49779	66.5789298063817
52.3026	14.19028	66.49288	66.5787658818388
52.28756	14.21163	66.4992	66.5785882969174
52.27019	14.23289	66.50307	66.5784995044567
52.25649	14.25246	66.50895	66.5784038818067
52.24914	14.2591	66.50824	66.5782331270745
52.2475	14.26391	66.51141	66.578151164803
52.24834	14.27493	66.52327	66.5781853157495
52.24945	14.27616	66.5256	66.5782331270745
52.25071	14.28199	66.5327	66.5782536176423
52.253	14.27951	66.53251	66.5783287497245
52.25729	14.27868	66.53596	66.5783287497245
52.26462	14.27205	66.53667	66.5782604478316
52.27254	14.26042	66.53296	66.5783150893459
52.27695	14.25469	66.53165	66.5783424101031
52.27465	14.25415	66.5288	66.5783287497245
52.26944	14.26029	66.52973	66.5783355799138
52.26476	14.26601	66.53076	66.5783287497245
52.26234	14.2657	66.52805	66.5783765610495
52.26062	14.2373	66.49792	66.5784175421852

