0.01978234 (-0.1610604, 0, 9.5) 1.00794223879153
0.04423466 (-0.2852592, 0, 9.5) 1.78520241167198
0.07132626 (-0.4288189, 0, 9.5) 2.68321488833107
0.1008706 (-0.5783228, 0, 9.5) 3.61741637587285
0.1297215 (-0.789542, 0, 9.5) 4.93467131374582
0.1519511 (-0.8616339, 0, 9.5) 5.3833221154282
0.1690205 (-0.9994909, 0, 9.5) 6.23976211138633
0.1823843 (-1.145213, 0, 9.5) 7.14234900059836
0.2007689 (-1.286596, 0, 9.5) 8.01520663716714
0.2462884 (-1.437987, 0, 9.5) 8.94615033786266
0.3286494 (-1.574669, 0, 9.5) 9.78309526604973
0.4558544 (-1.714354, 0, 9.5) 10.6344698228782
0.6265134 (-1.864987, 0, 9.5) 11.5478035880458
0.8501883 (-2.011229, 0, 9.5) 12.4290508314926
1.093785 (-2.143044, 0, 9.5) 13.2191380998531
1.37487 (-2.359327, 0, 9.5) 14.5043389594044
1.697659 (-2.427567, 0, 9.5) 14.9075847971442
2.089097 (-2.572521, 0, 9.5) 15.7588090898084
2.492693 (-2.714477, 0, 9.5) 16.5859108614599
2.933515 (-2.865829, 0, 9.5) 17.4605524580929
3.449236 (-2.998843, 0, 9.5) 18.2229723372011
3.972368 (-3.14536, 0, 9.5) 19.054976477213
4.528224 (-3.285639, 0, 9.5) 19.8443926794762
5.152862 (-3.428903, 0, 9.5) 20.6433540712672
5.760685 (-3.576128, 0, 9.5) 21.4556633604715
6.384634 (-3.714901, 0, 9.5) 22.2141114845095
7.014841 (-3.937774, 0, 9.5) 23.4145257893526
7.691334 (-3.999307, 0, 9.5) 23.7426173468253
8.322206 (-4.143951, 0, 9.5) 24.5072365468838
8.951617 (-4.286358, 0, 9.5) 25.2508443771495
9.577786 (-4.43207, 0, 9.5) 26.00261599116
10.24375 (-4.571627, 0, 9.5) 26.7143831865193
10.85701 (-4.716542, 0, 9.5) 27.4441991570682
11.46805 (-4.860786, 0, 9.5) 28.1619086171068
12.12798 (-5.002728, 0, 9.5) 28.8595919621573
12.75082 (-5.141865, 0, 9.5) 29.5349474184301
13.3756 (-5.290013, 0, 9.5) 30.2446109154892
13.99331 (-5.494366, 0, 9.5) 31.2074012275068
14.64989 (-5.577641, 0, 9.5) 31.5948163940276
15.26014 (-5.720407, 0, 9.5) 32.2516278863876
15.87182 (-5.865748, 0, 9.5) 32.9112158506925
16.52881 (-6.00066, 0, 9.5) 33.5150011685265
17.14223 (-6.145968, 0, 9.5) 34.1562500745971
17.74971 (-6.284528, 0, 9.5) 34.7594548263417
18.34628 (-6.428921, 0, 9.5) 35.3791305795508
18.9749 (-6.573417, 0, 9.5) 35.990965275459
19.55888 (-6.713754, 0, 9.5) 36.5758617048211
20.1449 (-6.865978, 0, 9.5) 37.2007488924559
20.77186 (-7.066133, 0, 9.5) 38.0073430207746
21.35035 (-7.144815, 0, 9.5) 38.3205481806974
21.91789 (-7.287205, 0, 9.5) 38.8798040794779
22.47651 (-7.431189, 0, 9.5) 39.437820298903
22.79121 (-7.57162, 0, 9.5) 39.9734881389825
23.59241 (-7.717989, 0, 9.5) 40.5238750369744
24.09748 (-7.864202, 0, 9.5) 41.066099858769
24.61364 (-8.00317, 0, 9.5) 41.5719026961932
25.08293 (-8.142032, 0, 9.5) 42.0698576461272
25.54277 (-8.290953, 0, 9.5) 42.5957617306216
25.98769 (-8.430511, 0, 9.5) 43.0814120945559
26.43832 (-8.645414, 0, 9.5) 43.8145168012463
26.83319 (-8.713105, 0, 9.5) 44.043153972518
27.21022 (-8.86482, 0, 9.5) 44.5468189606955
27.60249 (-8.998775, 0, 9.5) 44.984975603426
27.95934 (-9.148617, 0, 9.5) 45.46766166521
28.30482 (-9.285518, 0, 9.5) 45.901552854731
28.63926 (-9.429365, 0, 9.5) 46.3506582908878
28.98959 (-9.570906, 0, 9.5) 46.786031631484
29.30737 (-9.715126, 0, 9.5) 47.2228051608839
29.60961 (-9.866799, 0, 9.5) 47.6754008237661
29.91501 (-9.864674, 0, 9.5) 47.6705308988048
30.19046 (-9.640567, 0, 9.5) 47.0012133298612
30.46023 (-9.581535, 0, 9.5) 46.8227951253187
30.72445 (-9.436603, 0, 9.5) 46.3782146895642
30.99589 (-9.295576, 0, 9.5) 45.93875348068
31.23809 (-9.151719, 0, 9.5) 45.48312179866
31.47277 (-8.997332, 0, 9.5) 44.9861982073083
31.71783 (-8.867271, 0, 9.5) 44.560858414774
31.93532 (-8.722661, 0, 9.5) 44.0805048626314
32.13512 (-8.576777, 0, 9.5) 43.5881916490481
32.32086 (-8.439986, 0, 9.5) 43.1195074753015
32.5055 (-8.284717, 0, 9.5) 42.5789116536518
32.65409 (-8.088797, 0, 9.5) 41.8836257050408
32.76406 (-8.000587, 0, 9.5) 41.5652432616388
32.82067 (-7.86703, 0, 9.5) 41.077577991865
32.80848 (-7.717538, 0, 9.5) 40.5233183765476
32.73438 (-7.577126, 0, 9.5) 39.9943577823475
32.60171 (-7.436843, 0, 9.5) 39.4579283761625
32.39586 (-7.295234, 0, 9.5) 38.9082415725724
32.14616 (-7.153439, 0, 9.5) 38.3502185229581
31.84299 (-7.00354, 0, 9.5) 37.7509206394853
31.4655 (-6.867892, 0, 9.5) 37.2003254207201
31.06441 (-6.723028, 0, 9.5) 36.6037425374887
30.61963 (-6.52069, 0, 9.5) 35.7558735753115
30.13807 (-6.437737, 0, 9.5) 35.4025410533304
29.58522 (-6.29652, 0, 9.5) 34.7952347729192
29.03688 (-6.152612, 0, 9.5) 34.1672910755787
28.45473 (-6.003342, 0, 9.5) 33.506753714963
27.79851 (-5.864, 0, 9.5) 32.8807497913799
27.16714 (-5.725388, 0, 9.5) 32.2497734899963
26.52992 (-5.578978, 0, 9.5) 31.574527316752
25.88869 (-5.439106, 0, 9.5) 30.9205708435139
25.18394 (-5.291012, 0, 9.5) 30.2190250264218
24.49503 (-5.151078, 0, 9.5) 29.547269079903
23.78699 (-4.938937, 0, 9.5) 28.5131135351252
23.03152 (-4.868464, 0, 9.5) 28.1649907400223
22.34862 (-4.723429, 0, 9.5) 27.4430516852681
21.68964 (-4.581654, 0, 9.5) 26.7279786782941
21.03994 (-4.439286, 0, 9.5) 26.001782708067
20.33353 (-4.295924, 0, 9.5) 25.2617538969874
19.66484 (-4.153386, 0, 9.5) 24.5171386138019
19.00222 (-4.002376, 0, 9.5) 23.7190514862395
18.31503 (-3.866579, 0, 9.5) 22.993267034917
17.69465 (-3.713781, 0, 9.5) 22.1680350275826
17.08244 (-3.580142, 0, 9.5) 21.438215641939
16.46688 (-3.368513, 0, 9.5) 20.2689435851479
15.80689 (-3.294597, 0, 9.5) 19.8566118881098
15.20379 (-3.14808, 0, 9.5) 19.0332291545247
14.61411 (-3.006486, 0, 9.5) 18.2301252529314
13.98291 (-2.867383, 0, 9.5) 17.4345823708783
13.38642 (-2.724905, 0, 9.5) 16.612987439339
12.78829 (-2.577915, 0, 9.5) 15.7584078161878
12.19485 (-2.437355, 0, 9.5) 14.934893601459
11.56661 (-2.296669, 0, 9.5) 14.104797645579
10.9845 (-2.150576, 0, 9.5) 13.2368974457717
10.40125 (-2.004135, 0, 9.5) 12.3611630188528
9.778591 (-1.778616, 0, 9.5) 11.0018127706334
9.207395 (-1.725812, 0, 9.5) 10.6819618365348
8.657212 (-1.580763, 0, 9.5) 9.79982239961243
8.133736 (-1.43888, 0, 9.5) 8.93296380367137
7.594944 (-1.292583, 0, 9.5) 8.0352899549905
7.111217 (-1.153482, 0, 9.5) 7.17854174674082
6.648034 (-1.003544, 0, 9.5) 6.25181611481655
6.184691 (-0.8683669, 0, 9.5) 5.41399393419299
5.784114 (-0.717371, 0, 9.5) 4.47570948756178
5.411894 (-0.5818277, 0, 9.5) 3.6318938158393
5.063763 (-0.4320582, 0, 9.5) 2.69798325167244
4.716588 (-0.2256664, 0, 9.5) 1.40944925974929
4.412464 (-0.1467843, 0, 9.5) 0.916852486588889
4.12146 (-0.005813852, 0, 9.5) 0.0342640214168737

0 (0.1503937, 0, 9.5) 0.939619641915023
0.02797646 (0.2795809, 0, 9.5) 1.74607631267437
0.04845664 (0.4229992, 0, 9.5) 2.64004595760609
0.05934703 (0.5637429, 0, 9.5) 3.51580172886651
0.0656106 (0.7087777, 0, 9.5) 4.41610199877146
0.06852804 (0.8551949, 0, 9.5) 5.32244378454376
0.06852804 (0.9990497, 0, 9.5) 6.20993595543257
0.06852804 (1.203805, 0, 9.5) 7.4672658007134
0.06852804 (1.281066, 0, 9.5) 7.93973560687204
0.06255726 (1.426745, 0, 9.5) 8.82743737919458
0.05233916 (1.564324, 0, 9.5) 9.66137275522728
0.04845664 (1.705518, 0, 9.5) 10.512809637533
0.05233916 (1.854671, 0, 9.5) 11.4066713868184
0.07661668 (1.995122, 0, 9.5) 12.2429384187187
0.1251145 (2.13501, 0, 9.5) 13.0703014451105
0.1938267 (2.281118, 0, 9.5) 13.9280366157121
0.2873554 (2.420721, 0, 9.5) 14.7413140842477
0.4215088 (2.572653, 0, 9.5) 15.6191061056891
0.5841681 (2.78712, 0, 9.5) 16.8448894410897
0.7853427 (2.854357, 0, 9.5) 17.2253139088758
1.030026 (2.992424, 0, 9.5) 18.0025484685464
1.347556 (3.136898, 0, 9.5) 18.8081061156409
1.69616 (3.278632, 0, 9.5) 19.5907279871113
2.091064 (3.42364, 0, 9.5) 20.3835387934498
2.528943 (3.562867, 0, 9.5) 21.1362649264131
3.04266 (3.71072, 0, 9.5) 21.9272162137184
3.560405 (3.855567, 0, 9.5) 22.6934763667529
4.108944 (3.993653, 0, 9.5) 23.4157108271938
4.726048 (4.135114, 0, 9.5) 24.1478797979519
5.325278 (4.340789, 0, 9.5) 25.196254089277
5.942177 (4.420714, 0, 9.5) 25.5988152005407
6.619595 (4.564382, 0, 9.5) 26.3156162454042
7.26458 (4.708575, 0, 9.5) 27.0259183651615
7.918817 (4.853966, 0, 9.5) 27.7323836260872
8.575033 (4.994558, 0, 9.5) 28.4076827332984
9.040376 (5.14365, 0, 9.5) 29.1134666828427
9.91304 (5.285557, 0, 9.5) 29.776162383273
10.55068 (5.421085, 0, 9.5) 30.400912967122
11.22353 (5.573222, 0, 9.5) 31.0929648211057
11.83701 (5.7076, 0, 9.5) 31.6958929501843
12.4317 (5.924366, 0, 9.5) 32.6519828465118
13.00622 (5.993169, 0, 9.5) 32.9520296467741
13.60111 (6.137833, 0, 9.5) 33.576848532516
14.14495 (6.278701, 0, 9.5) 34.1754121706404
14.69167 (6.429463, 0, 9.5) 34.8064362833491
15.28275 (6.563783, 0, 9.5) 35.3611364458755
15.82825 (6.711516, 0, 9.5) 35.9614793483091
16.35854 (6.852689, 0, 9.5) 36.5281084364244
16.87646 (6.993792, 0, 9.5) 37.0858890143191
17.43383 (7.135759, 0, 9.5) 37.6388918748078
17.96517 (7.279283, 0, 9.5) 38.1892787727997
18.49484 (7.497272, 0, 9.5) 39.0080613739003
19.01238 (7.562253, 0, 9.5) 39.24964175387
19.54956 (7.707511, 0, 9.5) 39.782259914433
20.04576 (7.854409, 0, 9.5) 40.313529112612
20.54692 (7.995596, 0, 9.5) 40.8155172893197
21.08647 (8.134356, 0, 9.5) 41.3018814080344
21.58413 (8.283818, 0, 9.5) 41.8173045670687
22.07148 (8.421765, 0, 9.5) 42.285886287976
22.58591 (8.566359, 0, 9.5) 42.7703755197316
23.0586 (8.70691, 0, 9.5) 43.233489674115
23.51801 (8.857203, 0, 9.5) 43.720741717437
23.95837 (9.057388, 0, 9.5) 44.3578788495571
24.40596 (9.139247, 0, 9.5) 44.6161351366698
24.8029 (9.278989, 0, 9.5) 45.0492271940443
25.18819 (9.425869, 0, 9.5) 45.4973968942688
25.59867 (9.567556, 0, 9.5) 45.923341158555
25.98017 (9.705972, 0, 9.5) 46.3328144213767
26.35308 (9.855124, 0, 9.5) 46.7673476486907
26.71348 (9.992311, 0, 9.5) 47.1608416836766
27.09148 (9.854619, 0, 9.5) 46.7704485546268
27.4389 (9.713439, 0, 9.5) 46.3637688392232
27.78118 (9.562228, 0, 9.5) 45.9208003281404
28.13436 (9.358306, 0, 9.5) 45.3111068965736
28.45184 (9.284505, 0, 9.5) 45.0885349333883
28.76262 (9.137708, 0, 9.5) 44.6365198365955
29.07379 (8.998074, 0, 9.5) 44.2012489488385
29.40751 (8.856935, 0, 9.5) 43.754209644941
29.7167 (8.711793, 0, 9.5) 43.2861777542712
30.02083 (8.571103, 0, 9.5) 42.8260142416596
30.31652 (8.42778, 0, 9.5) 42.35008323708
30.61508 (8.28532, 0, 9.5) 41.8690364207248
30.85422 (8.131852, 0, 9.5) 41.342073656891
31.03136 (7.998525, 0, 9.5) 40.8779588797771
31.14173 (7.783459, 0, 9.5) 40.1117994720346
31.18449 (7.714517, 0, 9.5) 39.8633069405069
31.17984 (7.570896, 0, 9.5) 39.339417761852
31.11785 (7.429155, 0, 9.5) 38.8146816397256
30.99659 (7.286215, 0, 9.5) 38.2768657051155
30.81317 (7.136233, 0, 9.5) 37.7039255220994
30.57736 (6.999868, 0, 9.5) 37.174124814617
30.28 (6.855126, 0, 9.5) 36.6042957828209
29.95732 (6.712037, 0, 9.5) 36.0316595432281
29.57443 (6.56966, 0, 9.5) 35.453866510724
29.08816 (6.428455, 0, 9.5) 34.8708381381317
28.56974 (6.210127, 0, 9.5) 33.9513717167585
28.00085 (6.139205, 0, 9.5) 33.6494534446317
27.38411 (5.99203, 0, 9.5) 33.0152123127691
26.66397 (5.857515, 0, 9.5) 32.4260333547243
25.92913 (5.70865, 0, 9.5) 31.7666229753409
25.14789 (5.570483, 0, 9.5) 31.1438258256278
24.30173 (5.428135, 0, 9.5) 30.4939674659616
23.52855 (5.287353, 0, 9.5) 29.8422376344308
22.77582 (5.138053, 0, 9.5) 29.138468590726
22.02734 (5.000472, 0, 9.5) 28.4828575041332
21.20633 (4.854728, 0, 9.5) 27.779680979349
20.42278 (4.63016, 0, 9.5) 26.6797199758902
19.63811 (4.573833, 0, 9.5) 26.3989223565846
18.86869 (4.426189, 0, 9.5) 25.6599641776756
18.06575 (4.278848, 0, 9.5) 24.9122479885541
17.32692 (4.134557, 0, 9.5) 24.1713363755092
16.58843 (3.999435, 0, 9.5) 23.4696454168948
15.79294 (3.855086, 0, 9.5) 22.7115097740166
15.05647 (3.714693, 0, 9.5) 21.9660236416971
14.33518 (3.565543, 0, 9.5) 21.1659369762211
13.58426 (3.429458, 0, 9.5) 20.4276925520926
12.89468 (3.277516, 0, 9.5) 19.5955654686735
12.20592 (3.07083, 0, 9.5) 18.448860357285
11.51456 (3.000108, 0, 9.5) 18.0522517559844
10.77671 (2.856892, 0, 9.5) 17.2442506086727
10.09791 (2.71353, 0, 9.5) 16.4278790643903
9.428275 (2.571491, 0, 9.5) 15.6122946994231
8.71402 (2.429414, 0, 9.5) 14.7897674470463
8.041932 (2.282941, 0, 9.5) 13.9351707484218
7.369984 (2.138662, 0, 9.5) 13.0872795881295
6.661148 (1.995429, 0, 9.5) 12.2393944042527
6.021253 (1.854317, 0, 9.5) 11.3987944710237
5.403668 (1.711908, 0, 9.5) 10.5449738526569
4.809905 (1.505319, 0, 9.5) 9.29876398242139
4.201231 (1.420463, 0, 9.5) 8.78398029985908
3.661639 (1.286405, 0, 9.5) 7.96757545840391
3.155357 (1.133207, 0, 9.5) 7.03065107321437
2.689481 (1.001075, 0, 9.5) 6.2187695246142
2.233006 (0.8521709, 0, 9.5) 5.30093679914099
1.844405 (0.7142968, 0, 9.5) 4.44800922802345
1.490954 (0.5662998, 0, 9.5) 3.52991866290467
1.174532 (0.427743, 0, 9.5) 2.66814492944401
0.8809339 (0.2830252, 0, 9.5) 1.76657872664349
0.65342 (0.1353158, 0, 9.5) 0.845109672427155

0 (0, 0.1473558, 9.5) 0.920686143769365
0.02797646 (0, 0.281368, 9.5) 1.75702585315262
0.03426402 (0, 0.4256421, 9.5) 2.65623350621515
0.03956468 (0, 0.5615536, 9.5) 3.50173986322946
0.04423466 (0, 0.719381, 9.5) 4.48095763425481
0.03956468 (0, 0.9166641, 9.5) 5.70045506107759
0.03956468 (0, 0.9953511, 9.5) 6.18522988012273
0.04423466 (0, 1.133113, 9.5) 7.03143227611402
0.04845664 (0, 1.281971, 9.5) 7.94186235706113
0.05595291 (0, 1.419174, 9.5) 8.77700070018192
0.06255726 (0, 1.563702, 9.5) 9.65221176384673
0.07401875 (0, 1.706525, 9.5) 10.5122111421968
0.09278741 (0, 1.847291, 9.5) 11.35473377371
0.1170339 (0, 1.993513, 9.5) 12.2242262613947
0.1412742 (0, 2.141579, 9.5) 13.0984657306335
0.174713 (0, 2.285394, 9.5) 13.9412675461337
0.2281412 (0, 2.486225, 9.5) 15.1070502299731
0.3064671 (0, 2.566102, 9.5) 15.5667749029231
0.4039677 (0, 2.70401, 9.5) 16.3558752089317
0.5274898 (0, 2.854021, 9.5) 17.2060203316887
0.6824232 (0, 2.990276, 9.5) 17.9714728148401
0.8873522 (0, 3.138836, 9.5) 18.7979035203942
1.119076 (0, 3.279746, 9.5) 19.5739957309066
1.384091 (0, 3.426299, 9.5) 20.373064698179
1.697428 (0, 3.562608, 9.5) 21.1082235842973
2.005548 (0, 3.709415, 9.5) 21.8917880218892
2.331122 (0, 3.850047, 9.5) 22.6340315218449
2.675471 (0, 4.050843, 9.5) 23.6798137563358
3.064202 (0, 4.133329, 9.5) 24.1043663695548
3.444919 (0, 4.280792, 9.5) 24.8559313703393
3.831548 (0, 4.4254, 9.5) 25.583303840671
4.237482 (0, 4.561343, 9.5) 26.2592927970002
4.618128 (0, 4.70522, 9.5) 26.965196274857
5.011102 (0, 4.849396, 9.5) 27.6643037143737
5.411749 (0, 4.992566, 9.5) 28.3493819450959
5.840766 (0, 5.133156, 9.5) 29.013175598454
6.241867 (0, 5.285605, 9.5) 29.7229756992988
6.637701 (0, 5.419415, 9.5) 30.3370848482394
7.052797 (0, 5.635089, 9.5) 31.3102707083511
7.436905 (0, 5.705472, 9.5) 31.622881641806
7.823757 (0, 5.849536, 9.5) 32.2573925661454
8.215397 (0, 5.990078, 9.5) 32.867700714748
8.644656 (0, 6.138668, 9.5) 33.5036596392162
9.04609 (0, 6.280191, 9.5) 34.1003483903815
9.437778 (0, 6.423259, 9.5) 34.6949607640037
9.849897 (0, 6.56104, 9.5) 35.2591343990706
10.23868 (0, 6.707806, 9.5) 35.8517762630836
10.63617 (0, 6.848818, 9.5) 36.4121659732857
11.073 (0, 6.992626, 9.5) 36.9755029101649
11.48592 (0, 7.222763, 9.5) 37.8595650453714
11.89294 (0, 7.279117, 9.5) 38.0719634416144
12.29061 (0, 7.420002, 9.5) 38.5984105261571
12.71375 (0, 7.562226, 9.5) 39.122299704812
13.10579 (0, 7.70786, 9.5) 39.6509905065354
13.49005 (0, 7.848346, 9.5) 40.1531528530698
13.86412 (0, 7.99339, 9.5) 40.6636241248714
14.25127 (0, 8.132606, 9.5) 41.1462657904249
14.59807 (0, 8.288468, 9.5) 41.6784365735898
14.93357 (0, 8.421759, 9.5) 42.1267975191143
15.28549 (0, 8.565872, 9.5) 42.6040023539958
15.60769 (0, 8.779235, 9.5) 43.296911396735
15.92074 (0, 8.851844, 9.5) 43.5285333607249
16.24365 (0, 8.990908, 9.5) 43.967383267668
16.52971 (0, 9.138466, 9.5) 44.4263105160188
16.80233 (0, 9.281377, 9.5) 44.8634153095991
17.0604 (0, 9.418591, 9.5) 45.2768944784374
17.32292 (0, 9.56521, 9.5) 45.7119024039067
17.55181 (0, 9.705974, 9.5) 46.1232129876465
17.76351 (0, 9.847937, 9.5) 46.5315148730056
17.96153 (0, 9.992381, 9.5) 46.9415038151184
18.17122 (0, 9.856362, 9.5) 46.5546897052548
18.36773 (0, 9.653126, 9.5) 45.966333785019
18.55934 (0, 9.571067, 9.5) 45.7246816880618
18.75407 (0, 9.429953, 9.5) 45.3047309148746
18.927 (0, 9.282205, 9.5) 44.8581765544164
19.09282 (0, 9.143, 9.5) 44.4309345541657
19.25686 (0, 8.999603, 9.5) 43.983570816277
19.43254 (0, 8.857767, 9.5) 43.534506361256
19.59704 (0, 8.704982, 9.5) 43.0428829967906
19.76394 (0, 8.56917, 9.5) 42.5988148252327
19.94865 (0, 8.425756, 9.5) 42.1229248017888
20.12584 (0, 8.286688, 9.5) 41.654233797853
20.30042 (0, 8.082766, 9.5) 40.9547848488719
20.46401 (0, 8.000934, 9.5) 40.6698395971221
20.62484 (0, 7.859975, 9.5) 40.1725471755489
20.75777 (0, 7.709043, 9.5) 39.6319957501295
20.86585 (0, 7.565027, 9.5) 39.1080655903389
20.94662 (0, 7.430035, 9.5) 38.6090246403084
20.99053 (0, 7.288306, 9.5) 38.0777827628865
21.00629 (0, 7.14283, 9.5) 37.523782694762
20.98882 (0, 7.000948, 9.5) 36.9753902120417
20.92981 (0, 6.857088, 9.5) 36.4107452939141
20.83479 (0, 6.713316, 9.5) 35.8377777901409
20.70178 (0, 6.491777, 9.5) 34.9386141064219
20.5146 (0, 6.429591, 9.5) 34.6821336685236
20.30482 (0, 6.282884, 9.5) 34.0708658783263
20.06199 (0, 6.145368, 9.5) 33.4898319210057
19.77098 (0, 5.998302, 9.5) 32.85992795934
19.47899 (0, 5.858683, 9.5) 32.2528436600806
19.16425 (0, 5.701294, 9.5) 31.5584695417394
18.81749 (0, 5.573336, 9.5) 30.9859391700805
18.40219 (0, 5.428259, 9.5) 30.3286051682402
17.98322 (0, 5.286755, 9.5) 29.67835407269
17.55317 (0, 5.142069, 9.5) 29.0052252581245
17.12348 (0, 4.920834, 9.5) 27.9572744385352
16.6604 (0, 4.861391, 9.5) 27.6725255547274
16.21109 (0, 4.710619, 9.5) 26.9418984992007
15.73926 (0, 4.573442, 9.5) 26.2701288923033
15.22049 (0, 4.42911, 9.5) 25.5535276304764
14.74288 (0, 4.287011, 9.5) 24.8387671046623
14.27444 (0, 4.140937, 9.5) 24.0951421989233
13.79958 (0, 4.002261, 9.5) 23.3806582957753
13.26396 (0, 3.855088, 9.5) 22.6137731804211
12.75272 (0, 3.702634, 9.5) 21.8109066279055
12.25779 (0, 3.561493, 9.5) 21.058752523295
11.75121 (0, 3.367519, 9.5) 20.0109622131539
11.2918 (0, 3.284487, 9.5) 19.5589044276781
10.8334 (0, 3.145079, 9.5) 18.7927723406927
10.37771 (0, 2.994888, 9.5) 17.9592706816797
9.908794 (0, 2.859491, 9.5) 17.2002932179719
9.491484 (0, 2.711645, 9.5) 16.3638289643559
9.081513 (0, 2.574598, 9.5) 15.5817466778392
8.642428 (0, 2.420759, 9.5) 14.6963133821334
8.229151 (0, 2.287249, 9.5) 13.9215795255153
7.829876 (0, 2.144918, 9.5) 13.0896923524949
7.452693 (0, 2.001792, 9.5) 12.247027994554
7.067358 (0, 1.793379, 9.5) 11.0090758231659
6.712093 (0, 1.697504, 9.5) 10.4361663760016
6.345789 (0, 1.573283, 9.5) 9.68982049360565
5.950616 (0, 1.429063, 9.5) 8.81853166613862
5.58539 (0, 1.287624, 9.5) 7.95968744355163
5.224573 (0, 1.14009, 9.5) 7.05969218428701
4.859622 (0, 1.002441, 9.5) 6.21605751258062
4.4565 (0, 0.8580007, 9.5) 5.32752203027829
4.07333 (0, 0.7122735, 9.5) 4.42784010594718
3.68504 (0, 0.5662001, 9.5) 3.52308954083523
3.275305 (0, 0.4289136, 9.5) 2.67107764196892
2.910335 (0, 0.2217708, 9.5) 1.38239317243805
2.565367 (0, 0.1452879, 9.5) 0.905686407765914

0.06255726 (0, -0.1524929, 9.5) 0.952032870613033
0.1384764 (0, -0.288653, 9.5) 1.80211428051053
0.2036718 (0, -0.4273804, 9.5) 2.66792486928294
0.2601963 (0, -0.5738463, 9.5) 3.58102256603327
0.309643 (0, -0.7121934, 9.5) 4.44223729118951
0.3403488 (0, -0.8646595, 9.5) 5.38950685182715
0.3577275 (0, -0.9999639, 9.5) 6.22812560327624
0.3588198 (0, -1.152747, 9.5) 7.17238945374098
0.3454843 (0, -1.283075, 9.5) 7.97520990247892
0.3195939 (0, -1.427244, 9.5) 8.86009080662613
0.2880355 (0, -1.64433, 9.5) 10.1852807169027
0.254109 (0, -1.715005, 9.5) 10.6146136088487
0.2382111 (0, -1.855273, 9.5) 11.4635497881019
0.2571706 (0, -1.998433, 9.5) 12.3251055958356
0.3280534 (0, -2.14407, 9.5) 13.1961639044142
0.4329587 (0, -2.284748, 9.5) 14.0322618891298
0.5626699 (0, -2.428679, 9.5) 14.8817837571143
0.7091401 (0, -2.570449, 9.5) 15.712607981927
0.8855863 (0, -2.714825, 9.5) 16.5521270377014
1.073925 (0, -2.867823, 9.5) 17.4343091633068
1.290133 (0, -3.004417, 9.5) 18.2151193270689
1.521485 (0, -3.211896, 9.5) 19.3888958936945
1.767465 (0, -3.288652, 9.5) 19.819126101758
1.911005 (0, -3.42655, 9.5) 20.5866413020739
2.219644 (0, -3.571953, 9.5) 21.3884440526081
2.47994 (0, -3.711446, 9.5) 22.1499162429528
2.734377 (0, -3.865953, 9.5) 22.9841214114623
2.999374 (0, -3.998836, 9.5) 23.6939420028749
3.294674 (0, -4.148923, 9.5) 24.4869013658305
3.588069 (0, -4.286619, 9.5) 25.2061100524174
3.898024 (0, -4.427458, 9.5) 25.9336481548393
4.212125 (0, -4.572705, 9.5) 26.6749507962209
4.548207 (0, -4.779528, 9.5) 27.7148385773574
4.863491 (0, -4.857357, 9.5) 28.1021171400926
5.188407 (0, -4.999449, 9.5) 28.8013645984897
5.547118 (0, -5.142779, 9.5) 29.4978594906043
5.873796 (0, -5.284991, 9.5) 30.1800485512583
6.189064 (0, -5.426198, 9.5) 30.8491509692393
6.50005 (0, -5.570711, 9.5) 31.5248513500711
6.842005 (0, -5.713776, 9.5) 32.1846373898654
7.179443 (0, -5.859842, 9.5) 32.8485761847458
7.528064 (0, -6.001061, 9.5) 33.4818030334993
7.900949 (0, -6.143099, 9.5) 34.1099106553827
8.250359 (0, -6.363635, 9.5) 35.0674007405139
8.612447 (0, -6.424324, 9.5) 35.3281022353912
8.99663 (0, -6.573893, 9.5) 35.9621828578056
9.436443 (0, -6.71302, 9.5) 36.5435207585495
9.861609 (0, -6.858263, 9.5) 37.1415004154899
10.2831 (0, -7.000245, 9.5) 37.717503938401
10.71776 (0, -7.146515, 9.5) 38.3025540470221
11.10415 (0, -7.285526, 9.5) 38.8504069447887
11.48148 (0, -7.432004, 9.5) 39.4193275614097
11.86191 (0, -7.571199, 9.5) 39.9520276842442
12.28317 (0, -7.717834, 9.5) 40.5045968277132
12.68293 (0, -7.930796, 9.5) 41.2911716712332
13.07876 (0, -8.002278, 9.5) 41.5526518076891
13.46453 (0, -8.148995, 9.5) 42.0808269301213
13.86248 (0, -8.288774, 9.5) 42.5770572572605
14.23344 (0, -8.426906, 9.5) 43.059507677514
14.61671 (0, -8.569649, 9.5) 43.5506597589186
15.03386 (0, -8.713484, 9.5) 44.0386255570211
15.41305 (0, -8.856836, 9.5) 44.517568675076
15.78664 (0, -9.000648, 9.5) 44.9904636605177
16.16838 (0, -9.140382, 9.5) 45.4427861158284
16.58645 (0, -9.286548, 9.5) 45.908560628939
16.97574 (0, -9.491613, 9.5) 46.548627912263
17.35609 (0, -9.571539, 9.5) 46.7962564248459
17.75157 (0, -9.711846, 9.5) 47.2237545571947
18.11158 (0, -9.858698, 9.5) 47.6637007095183
18.46526 (0, -9.997644, 9.5) 48.0741609346919
18.83453 (0, -9.854707, 9.5) 47.6571983693175
19.16294 (0, -9.711517, 9.5) 47.2331665580316
19.46178 (0, -9.562618, 9.5) 46.7856252352214
19.72533 (0, -9.422599, 9.5) 46.3580109896547
19.97419 (0, -9.28106, 9.5) 45.9191986487527
20.1868 (0, -9.1395, 9.5) 45.4721695901391
20.39378 (0, -8.931267, 9.5) 44.8003180209702
20.61684 (0, -8.855669, 9.5) 44.5538711311339
20.82637 (0, -8.713365, 9.5) 44.0823524288334
21.04254 (0, -8.571345, 9.5) 43.6042323485875
21.2743 (0, -8.426815, 9.5) 43.1101159650325
21.53726 (0, -8.283921, 9.5) 42.6143125247238
21.79409 (0, -8.141756, 9.5) 42.1136903858734
22.05744 (0, -7.996192, 9.5) 41.5930933584547
22.31849 (0, -7.855273, 9.5) 41.0800880864278
22.5819 (0, -7.710338, 9.5) 40.544758340718
22.80642 (0, -7.569134, 9.5) 40.015039595507
23.00581 (0, -7.362783, 9.5) 39.225029166776
23.18738 (0, -7.285004, 9.5) 38.9245179136422
23.31844 (0, -7.133479, 9.5) 38.330086540036
23.40539 (0, -6.99854, 9.5) 37.7921886431545
23.44943 (0, -6.853113, 9.5) 37.2044303644813
23.45983 (0, -6.707722, 9.5) 36.606525839623
23.44399 (0, -6.57094, 9.5) 36.0357986379358
23.40307 (0, -6.427493, 9.5) 35.4286836028246
23.32947 (0, -6.284796, 9.5) 34.8156194728448
23.21697 (0, -6.136233, 9.5) 34.1674720755948
23.04671 (0, -5.996518, 9.5) 33.5497736621842
22.80213 (0, -5.76763, 9.5) 32.5176876647602
22.52779 (0, -5.714767, 9.5) 32.2763087753744
22.22099 (0, -5.569906, 9.5) 31.606827281888
21.88679 (0, -5.415397, 9.5) 30.8825096137147
21.49233 (0, -5.282189, 9.5) 30.2491939725004
21.35082 (0, -5.138463, 9.5) 29.5580266280293
20.63106 (0, -4.996883, 9.5) 28.8672554345368
20.15526 (0, -4.855077, 9.5) 28.1664302024145
19.64029 (0, -4.704815, 9.5) 27.4125583051984
19.15871 (0, -4.57158, 9.5) 26.7366632639719
18.65706 (0, -4.426463, 9.5) 25.9921145751319
18.09079 (0, -4.222692, 9.5) 24.9327607545288
17.53897 (0, -4.138085, 9.5) 24.4865957148599
16.97921 (0, -3.999748, 9.5) 23.7506735550888
16.3848 (0, -3.855606, 9.5) 22.9767994485471
15.82839 (0, -3.712855, 9.5) 22.2024830872492
15.26861 (0, -3.57131, 9.5) 21.4263089144653
14.70642 (0, -3.427652, 9.5) 20.6311451079176
14.10588 (0, -3.284524, 9.5) 19.8297487536459
13.5526 (0, -3.130937, 9.5) 18.9629191860093
13.01252 (0, -2.99957, 9.5) 18.2150202893243
12.4441 (0, -2.852982, 9.5) 17.3735102333728
11.92374 (0, -2.651547, 9.5) 16.2058210729488
11.40785 (0, -2.568605, 9.5) 15.7204883128163
10.89744 (0, -2.427989, 9.5) 14.8938134279952
10.3612 (0, -2.28331, 9.5) 14.0372752480661
9.874184 (0, -2.141708, 9.5) 13.1934267060577
9.387954 (0, -1.994725, 9.5) 12.3122682550716
8.861289 (0, -1.857036, 9.5) 11.4818700633157
8.373744 (0, -1.712067, 9.5) 10.6030936408433
7.967083 (0, -1.563609, 9.5) 9.69882439063261
7.447821 (0, -1.426962, 9.5) 8.86228585870809
6.984688 (0, -1.283021, 9.5) 7.97796588385603
6.557746 (0, -1.082893, 9.5) 6.7431107764225
6.131334 (0, -0.9977038, 9.5) 6.21558452197253
5.707568 (0, -0.8551632, 9.5) 5.33138279477249
5.267787 (0, -0.7090727, 9.5) 4.42332577771562
4.882266 (0, -0.571379, 9.5) 3.56573532174954
4.52095 (0, -0.4244206, 9.5) 2.64944536528142
4.146993 (0, -0.2847764, 9.5) 1.77784245582892
3.801224 (0, -0.1382642, 9.5) 0.863207646323997
