0.01978234 (-0.1562768, 0, 9.5) 0.976987180614761
0.02797646 (-0.2847911, 0, 9.5) 1.7802624772705
0.04423466 (-0.4277413, 0, 9.5) 2.67334846646327
0.05595291 (-0.5705379, 0, 9.5) 3.56452701857607
0.0656106 (-0.7130834, 0, 9.5) 4.45280658222357
0.06255726 (-0.8557532, 0, 9.5) 5.34004987809026
0.0656106 (-0.9979622, 0, 9.5) 6.22220468293849
0.07132626 (-1.140881, 0, 9.5) 7.106166072853
0.08846933 (-1.288266, 0, 9.5) 8.01456972201617
0.1170339 (-1.439084, 0, 9.5) 8.94035065338474
0.1557664 (-1.569154, 0, 9.5) 9.73530613915925
0.2093567 (-1.799851, 0, 9.5) 11.1365706977091
0.2776587 (-1.85247, 0, 9.5) 11.4545766269267
0.365305 (-2.002007, 0, 9.5) 12.3544139380641
0.4614008 (-2.141191, 0, 9.5) 13.1867962998078
0.5787839 (-2.291806, 0, 9.5) 14.0816569642762
0.7372789 (-2.428157, 0, 9.5) 14.8863172952532
0.9287274 (-2.575444, 0, 9.5) 15.7489104379849
1.168854 (-2.710944, 0, 9.5) 16.5364278476263
1.481341 (-2.858229, 0, 9.5) 17.3853657344269
1.824026 (-2.996771, 0, 9.5) 18.1774337576805
2.213551 (-3.141221, 0, 9.5) 18.9961548870775
2.653284 (-3.367659, 0, 9.5) 20.2638363111089
3.184568 (-3.426492, 0, 9.5) 20.5907394156458
3.735387 (-3.571556, 0, 9.5) 21.3903906565548
4.329296 (-3.712629, 0, 9.5) 22.1595348570155
5.009342 (-3.859064, 0, 9.5) 22.9501019461735
5.68479 (-3.997425, 0, 9.5) 23.6891830684896
6.39338 (-4.161175, 0, 9.5) 24.5532600698437
7.127061 (-4.283028, 0, 9.5) 25.1895143999985
7.931177 (-4.430903, 0, 9.5) 25.952562656521
8.688262 (-4.570045, 0, 9.5) 26.6614150686023
9.449121 (-4.717518, 0, 9.5) 27.4036927195045
10.20876 (-4.918661, 0, 9.5) 28.4012572327271
11.01637 (-5.003051, 0, 9.5) 28.8131159391571
11.76154 (-5.140506, 0, 9.5) 29.4789910927003
12.49246 (-5.291129, 0, 9.5) 30.198671062348
13.25815 (-5.425436, 0, 9.5) 30.8320174394141
13.95602 (-5.573616, 0, 9.5) 31.5217743497976
14.64144 (-5.715628, 0, 9.5) 32.1742042757302
15.31785 (-5.85505, 0, 9.5) 32.8056450299853
16.03215 (-6.000061, 0, 9.5) 33.4539905027246
16.68297 (-6.142158, 0, 9.5) 34.0799841810238
17.31597 (-6.286061, 0, 9.5) 34.7048850290371
17.97308 (-6.487864, 0, 9.5) 35.5662436150551
18.5698 (-6.571674, 0, 9.5) 35.9196717596863
19.15325 (-6.711764, 0, 9.5) 36.5024542454642
19.76201 (-6.857445, 0, 9.5) 37.1004646382565
20.31399 (-6.997206, 0, 9.5) 37.6661477451556
20.85735 (-7.141648, 0, 9.5) 38.2410242868344
21.39415 (-7.288816, 0, 9.5) 38.8184655645903
21.95867 (-7.429397, 0, 9.5) 39.3612402166225
22.47291 (-7.570035, 0, 9.5) 39.8956547169679
22.98426 (-7.717184, 0, 9.5) 40.4475374264136
23.49986 (-7.857796, 0, 9.5) 40.966788906543
24.05074 (-8.063978, 0, 9.5) 41.7134378785885
24.55296 (-8.139035, 0, 9.5) 41.982830789333
25.04385 (-8.285909, 0, 9.5) 42.5013411939247
25.56387 (-8.427457, 0, 9.5) 42.9949965397028
26.03933 (-8.578508, 0, 9.5) 43.5130732272749
26.5063 (-8.714303, 0, 9.5) 43.9708325132577
26.96425 (-8.853362, 0, 9.5) 44.4318293089623
27.44169 (-8.998007, 0, 9.5) 44.9060322756524
27.87189 (-9.140769, 0, 9.5) 45.3660933354247
28.29158 (-9.296507, 0, 9.5) 45.8609234737601
28.736 (-9.426987, 0, 9.5) 46.2690682647656
29.14518 (-9.6556, 0, 9.5) 46.968360119393
29.54243 (-9.710466, 0, 9.5) 47.1348664738199
29.9276 (-9.855182, 0, 9.5) 47.566459304646
30.33335 (-9.997917, 0, 9.5) 47.9860002664761
30.7095 (-10.14389, 0, 9.5) 48.4081776813707
31.08359 (-10.28264, 0, 9.5) 48.8030206787407
31.47467 (-10.43442, 0, 9.5) 49.2288078486733
31.82085 (-10.57027, 0, 9.5) 49.6041574858195
32.14472 (-10.71714, 0, 9.5) 50.0034571816989
32.45531 (-10.85455, 0, 9.5) 50.3716897616086
32.77731 (-11.0052, 0, 9.5) 50.7692375139361
33.06021 (-11.20475, 0, 9.5) 51.2853710126561
33.31577 (-11.28675, 0, 9.5) 51.4951739369703
33.56656 (-11.42717, 0, 9.5) 51.849199723164
33.79432 (-11.57228, 0, 9.5) 52.2095434344477
34.02513 (-11.71404, 0, 9.5) 52.5560355218584
34.25849 (-11.8602, 0, 9.5) 52.9082752135537
34.5048 (-11.99845, 0, 9.5) 53.2360764879818
34.72698 (-12.14194, 0, 9.5) 53.5716744234805
34.94693 (-12.28587, 0, 9.5) 53.9034440378841
35.18418 (-12.42666, 0, 9.5) 54.2230661606415
35.41145 (-12.57229, 0, 9.5) 54.5490915858552
35.64689 (-12.77537, 0, 9.5) 54.9948297386937
35.8895 (-12.85973, 0, 9.5) 55.1783671701065
36.15473 (-12.99783, 0, 9.5) 55.474056309604
36.40942 (-13.14314, 0, 9.5) 55.7809811104778
36.6743 (-13.28468, 0, 9.5) 56.0749763630323
36.96956 (-13.42891, 0, 9.5) 56.3709045591549
37.2498 (-13.56991, 0, 9.5) 56.6556346599422
37.52839 (-13.71727, 0, 9.5) 56.9490391011233
37.80027 (-13.85666, 0, 9.5) 57.2227794273486
38.08168 (-14.00361, 0, 9.5) 57.5065123205001
38.32763 (-14.14199, 0, 9.5) 57.768777928724
38.55263 (-14.35543, 0, 9.5) 58.1683713227427
38.77871 (-14.43729, 0, 9.5) 58.3180139398212
38.98766 (-14.57238, 0, 9.5) 58.5643993579539
39.20229 (-14.71215, 0, 9.5) 58.8164060218695
39.4193 (-14.85438, 0, 9.5) 59.0691571764173
39.65078 (-14.99824, 0, 9.5) 59.3214233875257
39.86959 (-14.8571, 0, 9.5) 59.0756390260502
40.09599 (-14.71409, 0, 9.5) 58.8229220224488
40.3448 (-14.57036, 0, 9.5) 58.5659293203541
40.57607 (-14.42814, 0, 9.5) 58.3082057880057
40.80067 (-14.28153, 0, 9.5) 58.0377849337737
41.0167 (-14.06177, 0, 9.5) 57.6252893121927
41.24216 (-13.99879, 0, 9.5) 57.5055902449464
41.45611 (-13.85674, 0, 9.5) 57.2319592017497
41.67473 (-13.71478, 0, 9.5) 56.9548550073008
41.90997 (-13.56887, 0, 9.5) 56.665142283429
42.12907 (-13.42793, 0, 9.5) 56.3817235789847
42.35101 (-13.28257, 0, 9.5) 56.0849177035388
42.57064 (-13.14559, 0, 9.5) 55.8012257915231
42.78829 (-12.9971, 0, 9.5) 55.4890554052772
42.96043 (-12.85812, 0, 9.5) 55.1921641524653
43.0934 (-12.70704, 0, 9.5) 54.8633417647388
43.18327 (-12.51165, 0, 9.5) 54.4319743301592
43.21552 (-12.42536, 0, 9.5) 54.2404353319972
43.20014 (-12.28248, 0, 9.5) 53.9175517938554
43.13821 (-12.14151, 0, 9.5) 53.592998274433
43.01538 (-12.00126, 0, 9.5) 53.2658936793121
42.83712 (-11.85795, 0, 9.5) 52.9258902717236
42.59707 (-11.71551, 0, 9.5) 52.58196292039
42.28492 (-11.56881, 0, 9.5) 52.2239107376119
41.9636 (-11.42461, 0, 9.5) 51.8650696679712
41.62161 (-11.28755, 0, 9.5) 51.5185365994248
41.25441 (-11.1413, 0, 9.5) 51.1435148113643
40.82299 (-10.93809, 0, 9.5) 50.6131335377926
40.38464 (-10.85563, 0, 9.5) 50.3945094240149
39.92144 (-10.71352, 0, 9.5) 50.0133780316376
39.40849 (-10.5684, 0, 9.5) 49.6177324870265
38.9156 (-10.42242, 0, 9.5) 49.2131530548286
38.4005 (-10.28017, 0, 9.5) 48.8131327739794
37.85154 (-10.14349, 0, 9.5) 48.423012852501
37.22498 (-9.99545, 0, 9.5) 47.9948214559396
36.61726 (-9.857973, 0, 9.5) 47.5909147973864
36.01493 (-9.708999, 0, 9.5) 47.1459791917891
35.39005 (-9.570184, 0, 9.5) 46.7248911920857
34.81351 (-9.356027, 0, 9.5) 46.0629126615305
34.22743 (-9.286758, 0, 9.5) 45.8448349628957
33.6322 (-9.143826, 0, 9.5) 45.3906717715723
32.99258 (-9.000127, 0, 9.5) 44.9278069190978
32.40211 (-8.859058, 0, 9.5) 44.4657138780127
31.81385 (-8.711712, 0, 9.5) 43.9758766080458
31.17574 (-8.571727, 0, 9.5) 43.5029099056165
30.57179 (-8.427272, 0, 9.5) 43.0076665408293
29.97774 (-8.286733, 0, 9.5) 42.5178770821874
29.40566 (-8.1407, 0, 9.5) 42.0012791305958
28.80947 (-7.997891, 0, 9.5) 41.4887212359673
28.25901 (-7.780058, 0, 9.5) 40.6917542594479
27.98573 (-7.715739, 0, 9.5) 40.4529093702875
27.14091 (-7.563141, 0, 9.5) 39.8798223382017
26.6176 (-7.427339, 0, 9.5) 39.36131193361
26.1025 (-7.282841, 0, 9.5) 38.8017999027312
25.59006 (-7.143538, 0, 9.5) 38.2545958729468
25.04538 (-6.994978, 0, 9.5) 37.6620701221516
24.54452 (-6.858169, 0, 9.5) 37.108022242702
24.05339 (-6.709485, 0, 9.5) 36.4968671506279
23.52797 (-6.571015, 0, 9.5) 35.9197947030934
23.02933 (-6.425837, 0, 9.5) 35.3060612145636
22.52603 (-6.213377, 0, 9.5) 34.3912905483249
22.02086 (-6.141602, 0, 9.5) 34.0779009732914
21.47987 (-5.999239, 0, 9.5) 33.4492127853187
20.97551 (-5.854621, 0, 9.5) 32.8016425390634
20.47257 (-5.71453, 0, 9.5) 32.1657826523399
19.93641 (-5.571005, 0, 9.5) 31.5050472162349
19.43817 (-5.429493, 0, 9.5) 30.8450870066139
18.94044 (-5.278461, 0, 9.5) 30.1311341506829
18.44496 (-5.143186, 0, 9.5) 29.4830277345686
17.92342 (-5.001143, 0, 9.5) 28.7934757298637
17.44887 (-4.855976, 0, 9.5) 28.0801495437998
16.98142 (-4.647561, 0, 9.5) 27.0399168381043
16.48514 (-4.56872, 0, 9.5) 26.6416963121321
16.02781 (-4.430785, 0, 9.5) 25.9383644005417
15.57487 (-4.282563, 0, 9.5) 25.1736222570761
15.12759 (-4.142534, 0, 9.5) 24.4428090788913
14.65339 (-3.995485, 0, 9.5) 23.6665205004369
14.21652 (-3.858542, 0, 9.5) 22.9356543882851
13.7873 (-3.710626, 0, 9.5) 22.1378677890514
13.33406 (-3.568095, 0, 9.5) 21.3607817859977
12.91211 (-3.426937, 0, 9.5) 20.5833081697021
12.48985 (-3.286786, 0, 9.5) 19.8040211381508
12.06719 (-3.074818, 0, 9.5) 18.6113078717283
11.61966 (-3.00225, 0, 9.5) 18.1994679483188
11.20917 (-2.85844, 0, 9.5) 17.3775929790188
10.79873 (-2.709565, 0, 9.5) 16.519309685727
10.35292 (-2.572522, 0, 9.5) 15.7228822941612
9.931196 (-2.425656, 0, 9.5) 14.8628487648647
9.509712 (-2.28521, 0, 9.5) 14.0341495826938
9.094659 (-2.142806, 0, 9.5) 13.1882929650352
8.655964 (-2.000124, 0, 9.5) 12.3351647571073
8.24293 (-1.85111, 0, 9.5) 11.4387801066543
7.82461 (-1.715099, 0, 9.5) 10.61592927406
7.366549 (-1.500383, 0, 9.5) 9.30873435123239
6.942266 (-1.428582, 0, 9.5) 8.86950963765225
6.53375 (-1.286604, 0, 9.5) 7.99841205548524
6.136543 (-1.145302, 0, 9.5) 7.12810677527547
5.715186 (-1.002742, 0, 9.5) 6.24711054128497
5.32226 (-0.8565661, 0, 9.5) 5.34096725788881
4.939433 (-0.7113851, 0, 9.5) 4.43875261399289
4.556426 (-0.5735793, 0, 9.5) 3.58074935846181
4.230266 (-0.4272864, 0, 9.5) 2.6684382006965
3.92376 (-0.2854651, 0, 9.5) 1.78300864025051
3.624608 (-0.1358906, 0, 9.5) 0.848806245574217

0 (0.1562988, 0, 9.5) 0.975985170502086
0 (0.2841815, 0, 9.5) 1.77398553331618
0.01978234 (0.4300891, 0, 9.5) 2.68314210412648
0.02797646 (0.5673586, 0, 9.5) 3.53690061045941
0.01978234 (0.7118716, 0, 9.5) 4.43367522203202
0.02797646 (0.8539904, 0, 9.5) 5.31304757851965
0.03956468 (0.9965895, 0, 9.5) 6.19254757416957
0.03956468 (1.137867, 0, 9.5) 7.06069238013065
0.03956468 (1.289022, 0, 9.5) 7.98551665811228
0.02797646 (1.426291, 0, 9.5) 8.82147120885281
0.02797646 (1.566386, 0, 9.5) 9.67040397301139
0.05233916 (1.712596, 0, 9.5) 10.5514847305943
0.09487279 (1.915948, 0, 9.5) 11.7678364283638
0.1643245 (1.999053, 0, 9.5) 12.261718024162
0.2579304 (2.139248, 0, 9.5) 13.0904018384071
0.3820612 (2.291826, 0, 9.5) 13.9856082812082
0.5549665 (2.424271, 0, 9.5) 14.756833981854
0.7576976 (2.571075, 0, 9.5) 15.6052630195527
1.003662 (2.709359, 0, 9.5) 16.3975171654644
1.295431 (2.853151, 0, 9.5) 17.2143668229968
1.653748 (2.996072, 0, 9.5) 18.0187291869662
2.028061 (3.139461, 0, 9.5) 18.81816698446
2.439195 (3.286665, 0, 9.5) 19.6303294245946
2.924761 (3.505355, 0, 9.5) 20.8215246814481
3.421538 (3.569828, 0, 9.5) 21.1691335048072
3.961113 (3.712276, 0, 9.5) 21.9313399405001
4.544158 (3.854568, 0, 9.5) 22.6843119602777
5.222772 (3.998849, 0, 9.5) 23.4399067727413
5.910623 (4.142728, 0, 9.5) 24.1847440370786
6.626287 (4.285861, 0, 9.5) 24.9163187813688
7.415953 (4.427982, 0, 9.5) 25.6340453168806
8.16979 (4.569079, 0, 9.5) 26.3378314360586
8.937625 (4.712259, 0, 9.5) 27.0431833761305
9.7177 (4.855233, 0, 9.5) 27.7392223531103
10.56654 (5.071611, 0, 9.5) 28.7756796716777
11.37555 (5.137074, 0, 9.5) 29.0857156237715
11.60942 (5.283937, 0, 9.5) 29.7722930810422
12.99048 (5.425859, 0, 9.5) 30.4292514224717
13.82568 (5.569807, 0, 9.5) 31.0866161601639
14.58623 (5.709068, 0, 9.5) 31.7134636121238
15.34151 (5.853483, 0, 9.5) 32.3545998200712
16.1563 (5.993844, 0, 9.5) 32.9691529313154
16.91556 (6.140956, 0, 9.5) 33.6056070445069
17.71058 (6.284891, 0, 9.5) 34.2180940234919
18.37684 (6.427186, 0, 9.5) 34.8162888313949
19.12389 (6.643703, 0, 9.5) 35.7082261748487
19.81316 (6.709268, 0, 9.5) 35.9754436703054
20.4974 (6.853949, 0, 9.5) 36.556190759676
21.21659 (6.995532, 0, 9.5) 37.1163516585369
21.86772 (7.141305, 0, 9.5) 37.6841384637363
22.51142 (7.280995, 0, 9.5) 38.2205166435016
23.20334 (7.430148, 0, 9.5) 38.7842429011702
23.85356 (7.567327, 0, 9.5) 39.2951273994236
24.49731 (7.719225, 0, 9.5) 39.852105430077
25.12628 (7.851153, 0, 9.5) 40.3289277743585
25.78135 (8.002481, 0, 9.5) 40.8673959920455
26.38066 (8.20619, 0, 9.5) 41.5771619419438
26.97087 (8.286855, 0, 9.5) 41.8543549288534
27.58352 (8.423678, 0, 9.5) 42.317735460619
28.13047 (8.581294, 0, 9.5) 42.8432058280938
28.65196 (8.709387, 0, 9.5) 43.2638908466293
29.04578 (8.855694, 0, 9.5) 43.7335039261189
29.66502 (9.000461, 0, 9.5) 44.1949685897896
30.12997 (9.139169, 0, 9.5) 44.6305195153072
30.58298 (9.283904, 0, 9.5) 45.0777466494102
31.0569 (9.42512, 0, 9.5) 45.5078436687826
31.49237 (9.569421, 0, 9.5) 45.9402492921338
31.92933 (9.773069, 0, 9.5) 46.5393149491708
32.37827 (9.854007, 0, 9.5) 46.7747003474576
32.87346 (9.993982, 0, 9.5) 47.1763906095873
33.33411 (10.1417, 0, 9.5) 47.5933258542046
33.78183 (10.28208, 0, 9.5) 47.9837019077812
34.22101 (10.42399, 0, 9.5) 48.3719230366379
34.69496 (10.56618, 0, 9.5) 48.755267410344
35.14999 (10.7151, 0, 9.5) 49.1504997285033
35.61576 (10.85453, 0, 9.5) 49.5149142326018
36.11744 (11.00307, 0, 9.5) 49.8976404741775
36.58561 (11.13963, 0, 9.5) 50.2442315993328
37.29747 (11.44426, 0, 9.5) 50.9988445720865
37.53804 (11.4938, 0, 9.5) 51.1196535450919
38.05857 (11.57161, 0, 9.5) 51.3088088071928
38.54593 (11.70946, 0, 9.5) 51.6383415346051
39.02245 (11.8556, 0, 9.5) 51.9826240557816
39.51295 (11.99401, 0, 9.5) 52.3038478579267
39.96358 (12.14096, 0, 9.5) 52.6401049066916
40.40767 (12.28146, 0, 9.5) 52.9568241990023
40.86842 (12.4267, 0, 9.5) 53.279431114478
41.27574 (12.56947, 0, 9.5) 53.5920147271757
41.65664 (12.70987, 0, 9.5) 53.8951009616706
42.01196 (12.93379, 0, 9.5) 54.3680574188159
42.36628 (12.99603, 0, 9.5) 54.5000200909261
42.67147 (13.14067, 0, 9.5) 54.7994726647205
42.95358 (13.28059, 0, 9.5) 55.0848687089633
43.20996 (13.42793, 0, 9.5) 55.3810837730358
43.45801 (13.56621, 0, 9.5) 55.6548480049236
43.66721 (13.72085, 0, 9.5) 55.9566023525076
43.8526 (13.85224, 0, 9.5) 56.2100160354162
44.02315 (14.00016, 0, 9.5) 56.4903065131672
44.16127 (14.14019, 0, 9.5) 56.751817385475
44.29477 (14.28631, 0, 9.5) 57.0212581075444
44.43239 (14.49026, 0, 9.5) 57.3900644233541
44.57857 (14.56987, 0, 9.5) 57.5337169644283
44.7078 (14.70885, 0, 9.5) 57.7791256654931
44.82607 (14.8555, 0, 9.5) 58.0341512730733
44.94589 (14.99564, 0, 9.5) 58.275052049209
45.05893 (14.8582, 0, 9.5) 58.0417669341278
45.17216 (14.71369, 0, 9.5) 57.7931480440983
45.27228 (14.57307, 0, 9.5) 57.5478008147371
45.36204 (14.42253, 0, 9.5) 57.27996518715
45.43767 (14.28707, 0, 9.5) 57.0355263729639
45.51289 (14.14086, 0, 9.5) 56.7687221039591
45.5889 (13.93417, 0, 9.5) 56.3835506546189
45.64466 (13.85633, 0, 9.5) 56.2369099057318
45.6826 (13.71433, 0, 9.5) 55.9646278249192
45.7127 (13.5644, 0, 9.5) 55.6741227990902
45.75663 (13.42924, 0, 9.5) 55.4082337754498
45.8096 (13.28368, 0, 9.5) 55.1165334664956
45.85703 (13.14323, 0, 9.5) 54.8303143844438
45.88106 (12.99813, 0, 9.5) 54.5325113013621
45.86687 (12.85862, 0, 9.5) 54.241729652867
45.81247 (12.71424, 0, 9.5) 53.9351770973092
45.71652 (12.5666, 0, 9.5) 53.6171805596019
45.5612 (12.3601, 0, 9.5) 53.1639087079804
45.36444 (12.28484, 0, 9.5) 52.9968661836945
45.12116 (12.14452, 0, 9.5) 52.6828823821931
44.81038 (11.99951, 0, 9.5) 52.3523831829968
44.47628 (11.85528, 0, 9.5) 52.0189913986377
44.09773 (11.71096, 0, 9.5) 51.6808765383869
43.67247 (11.57318, 0, 9.5) 51.3526381318445
43.16292 (11.42406, 0, 9.5) 50.9925437224697
42.64415 (11.28439, 0, 9.5) 50.6493847674308
42.08939 (11.12889, 0, 9.5) 50.2610133744098
41.45511 (10.99782, 0, 9.5) 49.9290388543276
40.81625 (10.78618, 0, 9.5) 49.3832076925898
40.12881 (10.71246, 0, 9.5) 49.1895547508436
39.3989 (10.57327, 0, 9.5) 48.8202327557427
38.57928 (10.42742, 0, 9.5) 48.4260454565443
37.79108 (10.28798, 0, 9.5) 48.0421819884524
36.99134 (10.14115, 0, 9.5) 47.6324901595735
36.11893 (9.999946, 0, 9.5) 47.2310833502992
35.29468 (9.855533, 0, 9.5) 46.8158317473411
34.47723 (9.713129, 0, 9.5) 46.3979197856559
34.2465 (9.568075, 0, 9.5) 45.9696293513498
32.85437 (9.427931, 0, 9.5) 45.5442929739101
32.10456 (9.200923, 0, 9.5) 44.8479312704866
31.35726 (9.14376, 0, 9.5) 44.6682358205474
30.55223 (8.994861, 0, 9.5) 44.1978884957096
29.8127 (8.858088, 0, 9.5) 43.7599538341309
29.10107 (8.708939, 0, 9.5) 43.274931847611
28.41807 (8.570945, 0, 9.5) 42.8190542787766
27.71687 (8.42445, 0, 9.5) 42.3279261030345
27.08015 (8.285969, 0, 9.5) 41.8573772876127
26.45521 (8.139634, 0, 9.5) 41.3512670916707
25.79638 (8.000173, 0, 9.5) 40.863475463395
25.19818 (7.843713, 0, 9.5) 40.3077439422863
24.62314 (7.637501, 0, 9.5) 39.5602855928103
24.07335 (7.57257, 0, 9.5) 39.3220451754017
23.51025 (7.428547, 0, 9.5) 38.7865446749598
23.00223 (7.285882, 0, 9.5) 38.2486262875103
22.50868 (7.140735, 0, 9.5) 37.692652294682
21.99721 (7.000147, 0, 9.5) 37.1451272460011
21.5418 (6.851065, 0, 9.5) 36.5552960048794
21.113 (6.713662, 0, 9.5) 36.0053394088125
20.71133 (6.568961, 0, 9.5) 35.4161467903891
20.30426 (6.427484, 0, 9.5) 34.8320221724164
19.93563 (6.278699, 0, 9.5) 34.2081424377014
19.56902 (6.082727, 0, 9.5) 33.3722263067757
19.17919 (5.996824, 0, 9.5) 32.9999570849976
18.82405 (5.850236, 0, 9.5) 32.3580012543359
18.48178 (5.708095, 0, 9.5) 31.7269873869112
18.14892 (5.568936, 0, 9.5) 31.1005019349834
17.78885 (5.428021, 0, 9.5) 30.4572688589251
17.44102 (5.287821, 0, 9.5) 29.8088038578733
17.07518 (5.141919, 0, 9.5) 29.1251394763334
16.66361 (5.001019, 0, 9.5) 28.4560063225005
16.2687 (4.857257, 0, 9.5) 27.7646357798981
15.86697 (4.711615, 0, 9.5) 27.0552079243695
15.45849 (4.497039, 0, 9.5) 25.9929717638874
15.00884 (4.42757, 0, 9.5) 25.6441471668354
14.57757 (4.28699, 0, 9.5) 24.933027131911
14.13581 (4.142177, 0, 9.5) 24.1916869244884
13.65709 (4.000526, 0, 9.5) 23.4576806328121
13.21537 (3.853344, 0, 9.5) 22.6856318943573
12.78159 (3.714112, 0, 9.5) 21.9475291966565
12.35588 (3.56916, 0, 9.5) 21.1703151275537
11.90374 (3.429179, 0, 9.5) 20.4119831167336
11.48141 (3.283077, 0, 9.5) 19.6124104230014
11.05909 (3.142021, 0, 9.5) 18.8322440045795
10.61519 (2.932128, 0, 9.5) 17.6581942303824
10.21415 (2.858256, 0, 9.5) 17.2409567498893
9.82291 (2.710673, 0, 9.5) 16.4014359865675
9.402618 (2.573206, 0, 9.5) 15.6130938315697
9.009439 (2.4236, 0, 9.5) 14.747888141436
8.627349 (2.287009, 0, 9.5) 13.9517390800836
8.272486 (2.140808, 0, 9.5) 13.0931902631833
7.925805 (1.999501, 0, 9.5) 12.25758490587
7.622026 (1.856698, 0, 9.5) 11.4075524812363
7.322309 (1.709878, 0, 9.5) 10.528091332288
7.027665 (1.569498, 0, 9.5) 9.68224922878154
6.738892 (1.345539, 0, 9.5) 8.32366908440412
6.50201 (1.289519, 0, 9.5) 7.98197605874088
6.29781 (1.137521, 0, 9.5) 7.05240821429976
6.108172 (1.00102, 0, 9.5) 6.21410194401052
5.968707 (0.855361, 0, 9.5) 5.316329057585
5.864979 (0.7078468, 0, 9.5) 4.40424393639639
5.776145 (0.5674614, 0, 9.5) 3.53385455948103
5.667041 (0.4293606, 0, 9.5) 2.6757635787063
5.539658 (0.285284, 0, 9.5) 1.778942863356
5.386343 (0.1453643, 0, 9.5) 0.906766004560016

0.06852804 (0, 0.151759, 9.5) 0.947087173239345
0.1412742 (0, 0.2790079, 9.5) 1.74057576914286
0.2130625 (0, 0.426688, 9.5) 2.66028359501864
0.2733977 (0, 0.564211, 9.5) 3.51518914626487
0.3310224 (0, 0.793438, 9.5) 4.93586232800266
0.3743001 (0, 0.8475197, 9.5) 5.27009251809671
0.4083038 (0, 0.9981133, 9.5) 6.19859143791449
0.4329587 (0, 1.136497, 9.5) 7.04862428943503
0.4524074 (0, 1.288934, 9.5) 7.98113936055328
0.4622481 (0, 1.421095, 9.5) 8.78579200756733
0.4609765 (0, 1.566647, 9.5) 9.66782130768742
0.4441136 (0, 1.709451, 9.5) 10.5284652851514
0.4205793 (0, 1.850202, 9.5) 11.3716162940789
0.3936644 (0, 1.992843, 9.5) 12.2207420110849
0.3626169 (0, 2.136393, 9.5) 13.0695168271162
0.3357179 (0, 2.357255, 9.5) 14.3632050506297
0.3195939 (0, 2.42341, 9.5) 14.7476610376422
0.3374619 (0, 2.56655, 9.5) 15.5748789225116
0.4228991 (0, 2.709137, 9.5) 16.3921947404628
0.5730078 (0, 2.853867, 9.5) 17.2142285116638
0.7785863 (0, 2.992636, 9.5) 17.9955970434001
1.050902 (0, 3.141352, 9.5) 18.8246983529652
1.346393 (0, 3.279646, 9.5) 19.5882827793467
1.671052 (0, 3.427204, 9.5) 20.3949093510646
1.937752 (0, 3.563951, 9.5) 21.1343815017173
2.37784 (0, 3.711856, 9.5) 21.9260465438031
2.720525 (0, 3.92132, 9.5) 23.0317824723037
3.077335 (0, 3.996825, 9.5) 23.4262959130406
3.481891 (0, 4.135496, 9.5) 24.143388948496
3.881057 (0, 4.278297, 9.5) 24.8738401266486
4.296372 (0, 4.424951, 9.5) 25.6143111924845
4.719412 (0, 4.562623, 9.5) 26.301392376215
5.176118 (0, 4.708265, 9.5) 27.0185212701642
5.603745 (0, 4.850196, 9.5) 27.7087494636085
6.037736 (0, 4.998107, 9.5) 28.4187356871113
6.483134 (0, 5.135452, 9.5) 29.0694426977964
6.966241 (0, 5.288789, 9.5) 29.7850484595347
7.405177 (0, 5.483431, 9.5) 30.6799432749497
7.830276 (0, 5.567521, 9.5) 31.059551535116
8.286858 (0, 5.708219, 9.5) 31.6893701194156
8.725238 (0, 5.855333, 9.5) 32.3395734036409
9.170484 (0, 5.991751, 9.5) 32.9331817394379
9.648381 (0, 6.138897, 9.5) 33.5649981541038
10.08949 (0, 6.276811, 9.5) 34.1482450927533
10.52742 (0, 6.427528, 9.5) 34.7765473750313
10.9683 (0, 6.565256, 9.5) 35.3426983498965
11.44603 (0, 6.709018, 9.5) 35.9252964205637
11.89247 (0, 6.851447, 9.5) 36.4935374333507
12.33325 (0, 7.056273, 9.5) 37.2966720707958
12.76599 (0, 7.135175, 9.5) 37.6005574374372
13.22336 (0, 7.277206, 9.5) 38.1422597497513
13.64141 (0, 7.423564, 9.5) 38.6924690628218
14.04386 (0, 7.564964, 9.5) 39.2163582414767
14.4571 (0, 7.71379, 9.5) 39.7589860444392
14.82806 (0, 7.849331, 9.5) 40.2454765216558
15.19045 (0, 7.993788, 9.5) 40.7565044538841
15.55201 (0, 8.135463, 9.5) 41.2501188185265
15.94574 (0, 8.283782, 9.5) 41.7584727316492
16.32182 (0, 8.426857, 9.5) 42.2414832274243
16.69711 (0, 8.650525, 9.5) 42.9821557838442
17.09634 (0, 8.704402, 9.5) 43.1576643277507
17.4658 (0, 8.856529, 9.5) 43.6485671072463
17.82985 (0, 8.992748, 9.5) 44.0811776362761
18.18622 (0, 9.140097, 9.5) 44.5417612055289
18.55448 (0, 9.278263, 9.5) 44.9674561679061
18.88434 (0, 9.420767, 9.5) 45.3995476025501
19.20816 (0, 9.565124, 9.5) 45.8314068107584
19.54979 (0, 9.709859, 9.5) 46.2564119240177
19.86769 (0, 9.850737, 9.5) 46.6636448847534
20.18761 (0, 9.993299, 9.5) 47.0695596189568
20.5391 (0, 10.20722, 9.5) 47.6678124834688
20.87405 (0, 10.27813, 9.5) 47.8621006328185
21.21343 (0, 10.43693, 9.5) 48.2927474824285
21.55972 (0, 10.56328, 9.5) 48.6308281917328
21.93173 (0, 10.71122, 9.5) 49.0212930377701
22.28231 (0, 10.85047, 9.5) 49.382545164229
22.63149 (0, 10.99609, 9.5) 49.7551934615124
23.00414 (0, 11.13531, 9.5) 50.1058383040093
23.34806 (0, 11.2798, 9.5) 50.464047581141
23.6874 (0, 11.42263, 9.5) 50.8130565933038
24.0249 (0, 11.56825, 9.5) 51.1638653603435
24.38241 (0, 11.7831, 9.5) 51.6718606885287
24.70915 (0, 11.84956, 9.5) 51.8264620230291
25.02359 (0, 11.99484, 9.5) 52.1610388452295
25.32577 (0, 12.13521, 9.5) 52.4791890621957
25.63849 (0, 12.27942, 9.5) 52.8013076191374
25.92198 (0, 12.42409, 9.5) 53.1198027606627
26.1955 (0, 12.56624, 9.5) 53.4281345805296
26.48726 (0, 12.70664, 9.5) 53.727921833599
26.7604 (0, 12.85777, 9.5) 54.0459252014956
27.03131 (0, 12.99245, 9.5) 54.3251501697179
27.29426 (0, 13.14044, 9.5) 54.6278300079502
27.57005 (0, 13.36561, 9.5) 55.0801353877877
27.82516 (0, 13.4232, 9.5) 55.1940458696137
28.08449 (0, 13.56563, 9.5) 55.4733596302968
28.36432 (0, 13.71143, 9.5) 55.754893202498
28.62262 (0, 13.84896, 9.5) 56.016803640879
28.87747 (0, 13.99306, 9.5) 56.2874533064521
29.1462 (0, 14.13477, 9.5) 56.5493910655903
29.40233 (0, 14.27794, 9.5) 56.8102189189694
29.66915 (0, 14.42537, 9.5) 57.0751380557311
29.94019 (0, 14.56478, 9.5) 57.3220084173032
30.22526 (0, 14.70832, 9.5) 57.5731271566115
30.48172 (0, 14.91343, 9.5) 57.9253668483068
30.73786 (0, 14.99315, 9.5) 58.0600171999013
31.01596 (0, 14.85782, 9.5) 57.8278317452953
31.27209 (0, 14.71229, 9.5) 57.574663949201
31.41089 (0, 14.57137, 9.5) 57.3265983045038
31.68199 (0, 14.42713, 9.5) 57.0681541871857
31.95198 (0, 14.27812, 9.5) 56.7974123140572
32.16621 (0, 14.1404, 9.5) 56.544282084004
32.38621 (0, 14.00064, 9.5) 56.2840928533231
32.60323 (0, 13.85493, 9.5) 56.0086996212905
32.8293 (0, 13.71269, 9.5) 55.7357174460761
33.04375 (0, 13.50186, 9.5) 55.3243966170523
33.2268 (0, 13.42261, 9.5) 55.1671076030676
33.43363 (0, 13.28742, 9.5) 54.8966047865642
33.61802 (0, 13.14413, 9.5) 54.6056045720119
33.78543 (0, 13.00048, 9.5) 54.3093792626553
33.9237 (0, 12.85711, 9.5) 54.0098481416842
34.01944 (0, 12.71524, 9.5) 53.7097262093397
34.05507 (0, 12.57026, 9.5) 53.3973201815634
34.04493 (0, 12.42705, 9.5) 53.0854434934568
33.9951 (0, 12.28232, 9.5) 52.7646841441831
33.90791 (0, 12.14358, 9.5) 52.452831361739
33.76899 (0, 11.92118, 9.5) 51.9441120334895
33.57028 (0, 11.85981, 9.5) 51.8010263981261
33.29435 (0, 11.70923, 9.5) 51.4481139327861
32.9851 (0, 11.57118, 9.5) 51.1194247337508
32.63829 (0, 11.42536, 9.5) 50.7675811930341
32.26075 (0, 11.28671, 9.5) 50.427372879767
31.83135 (0, 11.13738, 9.5) 50.0557012995516
31.41412 (0, 10.99926, 9.5) 49.7062722307477
30.97294 (0, 10.85847, 9.5) 49.3452796514817
30.46074 (0, 10.7144, 9.5) 48.9701246747301
29.9354 (0, 10.57123, 9.5) 48.5927601317444
29.37073 (0, 10.34999, 9.5) 47.9973861920167
28.7441 (0, 10.28693, 9.5) 47.8260064975339
28.16575 (0, 10.1421, 9.5) 47.4260613487669
27.6049 (0, 10.00203, 9.5) 47.0335235402811
27.05123 (0, 9.855788, 9.5) 46.6168273522889
26.44595 (0, 9.713855, 9.5) 46.2066130139296
25.87146 (0, 9.563809, 9.5) 45.766878597474
25.30186 (0, 9.430585, 9.5) 45.3700172791698
24.70623 (0, 9.283619, 9.5) 44.9269292397745
24.18171 (0, 9.143575, 9.5) 44.4956062014252
23.69805 (0, 8.987159, 9.5) 44.0054581578457
23.24652 (0, 8.791429, 9.5) 43.3810968947861
22.77765 (0, 8.708687, 9.5) 43.1139647766955
22.32352 (0, 8.572873, 9.5) 42.6687832842838
21.83417 (0, 8.428197, 9.5) 42.1895089020485
21.27176 (0, 8.285295, 9.5) 41.7078098026164
20.73526 (0, 8.144415, 9.5) 41.2263668352826
20.21561 (0, 7.999107, 9.5) 40.7217831866461
19.72133 (0, 7.857868, 9.5) 40.2230700857013
19.20777 (0, 7.711804, 9.5) 39.7000415108965
18.72727 (0, 7.569917, 9.5) 39.1834640498728
18.24553 (0, 7.419716, 9.5) 38.6279681702945
17.77683 (0, 7.21721, 9.5) 37.8644964420363
17.29355 (0, 7.137099, 9.5) 37.5583400374572
16.85948 (0, 7.00119, 9.5) 37.0322754435145
16.43423 (0, 6.853547, 9.5) 36.4523377315744
15.98864 (0, 6.715524, 9.5) 35.902107927936
15.58684 (0, 6.570655, 9.5) 35.3161357437612
15.20405 (0, 6.429504, 9.5) 34.7364814846765
14.81105 (0, 6.287344, 9.5) 34.1443211490082
14.45238 (0, 6.140136, 9.5) 33.5217152445951
14.09684 (0, 5.999207, 9.5) 32.9169771153557
13.74452 (0, 5.858549, 9.5) 32.3047838345099
13.37311 (0, 5.652659, 9.5) 31.3927384137966
13.02677 (0, 5.569505, 9.5) 31.0200593806614
12.68615 (0, 5.430797, 9.5) 30.3903637397689
12.33008 (0, 5.286106, 9.5) 29.7247139824722
12.01218 (0, 5.145185, 9.5) 29.0675575655533
11.70895 (0, 4.999026, 9.5) 28.3760538342598
11.41083 (0, 4.856963, 9.5) 27.6953435095863
11.086 (0, 4.712248, 9.5) 26.9928226829737
10.76576 (0, 4.571887, 9.5) 26.3027549989777
10.43121 (0, 4.426016, 9.5) 25.5761133588996
10.06554 (0, 4.283631, 9.5) 24.8582877856432
9.723949 (0, 4.061078, 9.5) 23.7179893918055
9.378339 (0, 4.00447, 9.5) 23.4252304035119
9.026369 (0, 3.847086, 9.5) 22.6030412455047
8.644224 (0, 3.71538, 9.5) 21.9071798534464
8.280031 (0, 3.565633, 9.5) 21.1071614898632
7.904576 (0, 3.429336, 9.5) 20.3713964244457
7.523318 (0, 3.283065, 9.5) 19.5734459006691
7.115077 (0, 3.143209, 9.5) 18.8028195491332
6.744157 (0, 3.0001, 9.5) 18.0064929028594
6.386599 (0, 2.856928, 9.5) 17.2026035294981
6.018192 (0, 2.71478, 9.5) 16.3970697880661
5.675335 (0, 2.494069, 9.5) 15.1320965340868
5.321118 (0, 2.43042, 9.5) 14.764903850496
4.938918 (0, 2.282238, 9.5) 13.9037399248726
4.59039 (0, 2.143881, 9.5) 13.0933866311253
4.262046 (0, 1.99969, 9.5) 12.2429221970192
3.95156 (0, 1.85979, 9.5) 11.4120749203177
3.632325 (0, 1.709135, 9.5) 10.5115187317579
3.339765 (0, 1.569081, 9.5) 9.66920442101794
3.055886 (0, 1.428776, 9.5) 8.82064731727012
2.766898 (0, 1.287067, 9.5) 7.95944070296366
2.513805 (0, 1.138302, 9.5) 7.0508505042556
2.273484 (0, 0.9417431, 9.5) 5.84412126253032
2.040568 (0, 0.8532258, 9.5) 5.29886639801351
1.795151 (0, 0.7156467, 9.5) 4.44911016915907
1.568353 (0, 0.5686322, 9.5) 3.53856098678628
1.34523 (0, 0.4290709, 9.5) 2.67210345102239
1.105884 (0, 0.2843726, 9.5) 1.77210915225313
0.8895546 (0, 0.1460426, 9.5) 0.910427199461007

0 (0, -0.1605849, 9.5) 1.00268672830067
0.03956468 (0, -0.2902183, 9.5) 1.8122933969816
0.06255726 (0, -0.4304549, 9.5) 2.68751555970401
0.08392937 (0, -0.5721593, 9.5) 3.57094803683565
0.1065312 (0, -0.7189227, 9.5) 4.48449695296572
0.1370561 (0, -0.8597469, 9.5) 5.35935327367447
0.1769387 (0, -1.003916, 9.5) 6.25281972575484
0.2373883 (0, -1.149202, 9.5) 7.15052943292946
0.3077414 (0, -1.29187, 9.5) 8.02900874216788
0.3886621 (0, -1.429137, 9.5) 8.87097129815956
0.4925778 (0, -1.64668, 9.5) 10.1979421802926
0.6071628 (0, -1.713469, 9.5) 10.6034462493652
0.7404569 (0, -1.856446, 9.5) 11.4680338073685
0.9013549 (0, -2.001113, 9.5) 12.3378029177193
1.110651 (0, -2.145548, 9.5) 13.2009057633264
1.336327 (0, -2.290512, 9.5) 14.0614720473872
1.578056 (0, -2.427891, 9.5) 14.8715811618676
1.847374 (0, -2.573509, 9.5) 15.723990492373
2.09975 (0, -2.715008, 9.5) 16.5461437918864
2.35576 (0, -2.869412, 9.5) 17.4358015596659
2.617185 (0, -3.002423, 9.5) 18.1957506177997
2.901443 (0, -3.225379, 9.5) 19.4550462769345
3.157093 (0, -3.288418, 9.5) 19.8081431573853
3.398227 (0, -3.433879, 9.5) 20.6165524085069
3.643305 (0, -3.573802, 9.5) 21.3866733260356
3.867258 (0, -3.718532, 9.5) 22.1753911414442
4.091511 (0, -3.856637, 9.5) 22.9200508208601
4.317925 (0, -4.003074, 9.5) 23.7014449658062
4.560422 (0, -4.143291, 9.5) 24.4412808240385
4.78344 (0, -4.29014, 9.5) 25.2073941280033
5.004411 (0, -4.431917, 9.5) 25.9385351552738
5.238917 (0, -4.573897, 9.5) 26.6618863516631
5.507051 (0, -4.788729, 9.5) 27.7396116738996
5.76395 (0, -4.859131, 9.5) 28.0890134219464
6.01539 (0, -5.002918, 9.5) 28.7949783715068
6.276542 (0, -5.143181, 9.5) 29.4753471867159
6.514694 (0, -5.292712, 9.5) 30.1914515522722
6.755809 (0, -5.428811, 9.5) 30.8344421566108
7.028251 (0, -5.576223, 9.5) 31.5212313497493
7.296514 (0, -5.714907, 9.5) 32.158764632848
7.568335 (0, -5.858956, 9.5) 32.8121507852808
7.836516 (0, -6.001397, 9.5) 33.4493084079687
8.124196 (0, -6.148787, 9.5) 34.0988867298742
8.400949 (0, -6.34974, 9.5) 34.9692235997094
8.682586 (0, -6.431976, 9.5) 35.3210739706154
8.970779 (0, -6.572035, 9.5) 35.9127800986962
9.13794 (0, -6.718157, 9.5) 36.5206771904807
9.588515 (0, -6.856918, 9.5) 37.091240467625
9.88698 (0, -7.000568, 9.5) 37.6724041985421
10.19335 (0, -7.145294, 9.5) 38.2493707781426
10.46495 (0, -7.292296, 9.5) 38.826395414352
10.73227 (0, -7.428759, 9.5) 39.3542734235502
11.02246 (0, -7.573425, 9.5) 39.9059239065602
11.29754 (0, -7.715691, 9.5) 40.4400925200913
11.56906 (0, -7.922448, 9.5) 41.2011497764368
11.83232 (0, -8.009988, 9.5) 41.5194570877566
12.11074 (0, -8.145331, 9.5) 42.0047283761855
12.37188 (0, -8.291875, 9.5) 42.5224054976844
12.64345 (0, -8.434098, 9.5) 43.0168497303251
12.93299 (0, -8.57582, 9.5) 43.5022951885808
13.26125 (0, -8.713562, 9.5) 43.9673422865323
13.57914 (0, -8.864046, 9.5) 44.4673360479683
13.89653 (0, -9.001409, 9.5) 44.9170220502144
14.242 (0, -9.14745, 9.5) 45.3883529223095
14.57666 (0, -9.292819, 9.5) 45.8501249444981
14.93373 (0, -9.499345, 9.5) 46.4924974167063
15.33473 (0, -9.571241, 9.5) 46.7145946817362
15.71075 (0, -9.715896, 9.5) 47.15382024909
16.07523 (0, -9.856134, 9.5) 47.5729274939004
16.42783 (0, -10.00101, 9.5) 48.0003983054921
16.80619 (0, -10.14575, 9.5) 48.4211482108258
17.17195 (0, -10.28853, 9.5) 48.8290915112474
17.55015 (0, -10.42964, 9.5) 49.226799773023
17.94081 (0, -10.57182, 9.5) 49.6210553741144
18.36577 (0, -10.71927, 9.5) 50.0245180703639
18.76247 (0, -10.85827, 9.5) 50.3996047452226
19.155 (0, -11.07645, 9.5) 50.973767532121
19.56691 (0, -11.1412, 9.5) 51.1444881133377
19.94102 (0, -11.29264, 9.5) 51.5338157328588
20.30209 (0, -11.42873, 9.5) 51.8786788201246
20.64792 (0, -11.57956, 9.5) 52.2557223442139
21.00823 (0, -11.71574, 9.5) 52.5922867514966
21.34677 (0, -11.86334, 9.5) 52.9499940097158
21.69287 (0, -12.00012, 9.5) 53.2773854727867
22.06116 (0, -12.15068, 9.5) 53.6317049571197
22.39437 (0, -12.28949, 9.5) 53.9539123065222
22.71847 (0, -12.42949, 9.5) 54.2738861840279
23.04062 (0, -12.65663, 9.5) 54.7808228328737
23.38626 (0, -12.71223, 9.5) 54.9063958629064
23.7147 (0, -12.86008, 9.5) 55.2299726652608
24.04229 (0, -12.9997, 9.5) 55.5304805033
24.38228 (0, -13.14551, 9.5) 55.8401237195098
24.69363 (0, -13.29652, 9.5) 56.1554052569758
25.0009 (0, -13.43077, 9.5) 56.4322908853675
25.33626 (0, -13.57117, 9.5) 56.7179840428442
25.65958 (0, -13.72111, 9.5) 57.0178361827118
25.98395 (0, -13.85668, 9.5) 57.2850058668435
26.30141 (0, -14.0068, 9.5) 57.5768974210977
26.63809 (0, -14.21193, 9.5) 57.967611569044
26.95332 (0, -14.29191, 9.5) 58.1201365260013
27.27175 (0, -14.42801, 9.5) 58.3743561712457
27.58533 (0, -14.5751, 9.5) 58.6446677424492
27.90744 (0, -14.71829, 9.5) 58.9042354259049
28.18548 (0, -14.86346, 9.5) 59.1643631848821
28.44072 (0, -14.86272, 9.5) 59.1666308077253
28.70048 (0, -14.71749, 9.5) 58.914487540024
28.94909 (0, -14.57531, 9.5) 58.6636556686657
29.20318 (0, -14.43648, 9.5) 58.4147840616326
29.47445 (0, -14.28831, 9.5) 58.1451008678436
29.72119 (0, -14.08495, 9.5) 57.7674255512453
29.95805 (0, -14.00607, 9.5) 57.6207404061279
30.18724 (0, -13.8631, 9.5) 57.3493086838815
30.43137 (0, -13.71915, 9.5) 57.0719483573343
30.66137 (0, -13.57174, 9.5) 56.7835367845216
30.88774 (0, -13.43344, 9.5) 56.5088163261337
31.10421 (0, -13.29367, 9.5) 56.2268524520074
31.32792 (0, -13.14706, 9.5) 55.9270447083701
31.52857 (0, -13.00137, 9.5) 55.6244092663682
31.713 (0, -12.8615, 9.5) 55.3290309004833
31.88935 (0, -12.71932, 9.5) 55.0248074394722
32.02304 (0, -12.50353, 9.5) 54.5521583408448
32.11211 (0, -12.43504, 9.5) 54.4020649312735
32.14273 (0, -12.28545, 9.5) 54.0675017694517
32.10447 (0, -12.14941, 9.5) 53.7573667796132
32.00972 (0, -12.00366, 9.5) 53.4189274853713
31.86917 (0, -11.86199, 9.5) 53.0845248329978
31.66864 (0, -11.71782, 9.5) 52.7384596324175
31.43207 (0, -11.57087, 9.5) 52.3797585816572
31.13563 (0, -11.43566, 9.5) 52.0449222122639
30.77755 (0, -11.28477, 9.5) 51.6652490652993
30.33927 (0, -11.14735, 9.5) 51.31213852447
29.90115 (0, -10.92453, 9.5) 50.729079416026
29.45852 (0, -10.86305, 9.5) 50.5626823446277
28.99063 (0, -10.72068, 9.5) 50.1787676501161
28.54587 (0, -10.57014, 9.5) 49.7676448965817
28.07304 (0, -10.4344, 9.5) 49.3904545234228
27.57355 (0, -10.2896, 9.5) 48.9809880907903
27.02505 (0, -10.14396, 9.5) 48.5625297139622
26.52992 (0, -10.00729, 9.5) 48.1629670557953
26.0591 (0, -9.860014, 9.5) 47.7266853000239
25.54552 (0, -9.718812, 9.5) 47.3020592622701
25.03576 (0, -9.567596, 9.5) 46.840253089135
24.50339 (0, -9.368831, 9.5) 46.2231045059619
23.9711 (0, -9.290553, 9.5) 45.9739152951271
23.41776 (0, -9.147396, 9.5) 45.5155788581496
22.90749 (0, -9.004299, 9.5) 45.0505078545356
22.38722 (0, -8.863107, 9.5) 44.5848767754
21.8189 (0, -8.719983, 9.5) 44.1053257704986
21.29257 (0, -8.570448, 9.5) 43.5970435743634
20.77356 (0, -8.43421, 9.5) 43.1268806646363
20.25106 (0, -8.288885, 9.5) 42.6172734117795
19.6759 (0, -8.148517, 9.5) 42.1172591597757
19.13662 (0, -8.003694, 9.5) 41.5940598302387
18.5969 (0, -7.799574, 9.5) 40.8447675749392
18.01906 (0, -7.71813, 9.5) 40.5382013590029
17.47741 (0, -7.571167, 9.5) 39.9825996114907
16.93892 (0, -7.434614, 9.5) 39.4580718101375
16.40147 (0, -7.291268, 9.5) 38.8998575152232
15.82055 (0, -7.144729, 9.5) 38.3202544825581
15.28385 (0, -7.006197, 9.5) 37.764488810503
14.76434 (0, -6.860387, 9.5) 37.1714166445649
14.22332 (0, -6.71965, 9.5) 36.5896381966121
13.72117 (0, -6.573036, 9.5) 35.9754436703054
13.22302 (0, -6.43513, 9.5) 35.3894407502789
12.73075 (0, -6.20868, 9.5) 34.411661587872
12.20789 (0, -6.152385, 9.5) 34.1621991694656
11.72928 (0, -6.003234, 9.5) 33.5017437711213
11.26091 (0, -5.8629, 9.5) 32.8710714131609
10.76501 (0, -5.719797, 9.5) 32.2189556759355
10.3008 (0, -5.569183, 9.5) 31.5233657839013
9.838232 (0, -5.435359, 9.5) 30.8967847093235
9.385546 (0, -5.288866, 9.5) 30.2025335343895
8.911319 (0, -5.145375, 9.5) 29.5130190957257
8.473731 (0, -5.003141, 9.5) 28.8208374681455
8.032431 (0, -4.861186, 9.5) 28.1212946040618
7.559124 (0, -4.643579, 9.5) 27.0338618753018
7.117917 (0, -4.573218, 9.5) 26.6761614472719
6.679553 (0, -4.427649, 9.5) 25.9322650415088
6.239417 (0, -4.292699, 9.5) 25.2343477624752
5.76684 (0, -4.146365, 9.5) 24.4689584585748
5.333257 (0, -4.006894, 9.5) 23.7314943835722
4.901369 (0, -3.857909, 9.5) 22.9351557844672
4.436193 (0, -3.72103, 9.5) 22.1953165111403
4.000761 (0, -3.571782, 9.5) 21.3803127122625
3.556333 (0, -3.435251, 9.5) 20.6270350415144
3.101288 (0, -3.290487, 9.5) 19.8209378094662
2.614267 (0, -3.071966, 9.5) 18.5903443132607
2.177627 (0, -3.006444, 9.5) 18.2168234592959
1.762253 (0, -2.862017, 9.5) 17.3907376783007
1.342755 (0, -2.721349, 9.5) 16.5788740589474
0.9891293 (0, -2.568678, 9.5) 15.6910792252959
0.7298098 (0, -2.436089, 9.5) 14.9140359109253
0.6717301 (0, -2.288946, 9.5) 14.045551729934
0.8681804 (0, -2.150908, 9.5) 13.2254090673918
1.176696 (0, -2.003787, 9.5) 12.3459035222131
1.533273 (0, -1.862711, 9.5) 11.4972149373215
1.938358 (0, -1.71092, 9.5) 10.5792921387271
2.322794 (0, -1.510446, 9.5) 9.35956376612904
2.70255 (0, -1.430533, 9.5) 8.87061698209032
3.072241 (0, -1.2935, 9.5) 8.03052419041583
3.456607 (0, -1.143603, 9.5) 7.10801577348916
3.801842 (0, -0.9939995, 9.5) 6.18415199087595
4.13517 (0, -0.8602141, 9.5) 5.35569570731153
4.48895 (0, -0.721472, 9.5) 4.49448781234458
4.822758 (0, -0.5708638, 9.5) 3.55803961941437
5.156017 (0, -0.4327581, 9.5) 2.69798325167244
5.475933 (0, -0.2898249, 9.5) 1.80710266656726
5.798227 (0, -0.1473989, 9.5) 0.919197162504903
