0	0.02797646	0.497715199617848
0	0.03426402	0.928095084876214
0	0.04423466	1.35595201560602
0.01978234	0.06852804	1.8054775084039
0.02797646	0.1186941	2.25810774911934
0.02797646	0.2193969	2.71642092076458
0.01978234	0.2586879	3.1820466638147
0.01978234	0.3109043	3.86011221113039
0.05233916	0.2973941	4.23623408655283
0.09065409	0.2866737	4.58945092220293
0.1545051	0.5112901	4.96431860411764
0.23239	0.4825446	5.46235295500207
0.3286494	0.4575681	5.91363978286221
0.4441136	0.5767518	6.32096153605867
0.5881739	0.7060983	6.79612841321182
0.7451985	0.8755867	7.22365770829928
0.9291486	1.285879	7.66651779012718
1.159103	1.180515	8.11575726874869
1.435314	1.190912	8.73999388085387
1.66201	1.118201	9.06869588649414
1.969608	1.875132	9.4507843591452
2.286446	5.272657	9.89403803063073
2.634479	5.662647	10.3329681922979
3.010969	5.615659	10.763586867377
3.442133	5.429391	11.2044038688346
3.865891	5.455389	11.648060521488
4.311752	5.322886	12.097907886956
4.818694	5.183836	12.5197548914439
5.321781	4.792564	12.9622666336182
5.926685	4.354692	13.5567927761007
6.391969	4.515315	13.8702446766115
6.971926	4.272143	14.244634672163
7.499911	4.353567	14.6674370493773
8.015672	4.289619	15.0904511624596
8.569534	4.13678	15.524328691602
9.093081	3.880199	15.9473342669476
9.613026	3.914466	16.3655501720561
10.10962	3.707342	16.779913850407
10.61098	3.667143	17.199890236804
11.05751	3.914366	17.6242533122704
11.55493	4.030946	18.1944699573084
11.9539	3.955374	18.4952288048039
12.37613	3.968521	18.8487833079368
12.78315	4.211148	19.2530400136909
13.17529	4.183713	19.6578397194934
13.58669	4.250082	20.0680677182312
13.96684	4.120795	20.4655659516863
14.3432	4.222249	20.8682739120197
14.74066	4.092421	21.2772844295173
15.10499	3.913966	21.6693885209834
15.463	4.037984	22.0625717823567
15.91878	3.995177	22.6414849659039
16.21775	4.084469	22.9432956625494
16.53194	3.941934	23.2416127173749
16.85858	3.899329	23.6119267974697
17.19944	4.074148	23.99786322801
17.51682	3.94109	24.3688774025067
17.83667	3.889827	24.74952043635
18.15526	3.947643	25.1309489419612
18.49109	4.391997	25.5095992680802
18.79743	5.117033	25.8724274607169
19.09732	5.139689	26.2497817584187
19.46846	5.228397	26.7865390136894
19.68557	5.159094	27.0626391703132
19.95305	5.368705	27.3404366289747
20.21798	5.477508	27.7043508217079
20.50299	5.453197	28.0608798722752
20.77074	5.519457	28.4192889324435
21.03612	5.716832	28.776021181142
21.31535	5.510289	29.125334136728
21.57513	5.681927	29.477184507634
21.84065	5.670671	29.8242742366072
22.11943	5.584512	30.1721460222538
22.49728	5.357159	30.6707839911164
22.73597	5.634473	30.92706976862
23.04424	5.65267	31.1872931502472
23.37827	5.659566	31.5346663320759
23.68718	5.808022	31.8534039453208
23.98934	5.688994	32.1883564279319
24.27858	5.750912	32.5211232499713
24.56791	5.803701	32.8409332029342
24.81892	5.690785	33.1704659303464
25.06111	6.118242	33.4935441288829
25.31514	6.000054	33.8176639312856
25.58344	7.116566	34.2639348388884
25.78725	7.075707	34.5017312939934
26.02941	6.88433	34.7563573355003
26.29495	6.979743	35.072205778677
26.5479	6.918803	35.3783177870257
26.80507	6.776302	35.6851093992085
27.08586	6.932144	35.9914741245609
27.35614	7.065108	36.2948199062486
27.63468	6.941842	36.599767367324
27.91701	6.788246	36.8873968834634
28.22223	6.791596	37.1846637966861
28.73242	6.89802	37.7627812631814
28.99633	6.934322	38.0012060957007
29.21647	6.934237	38.2118764540542
29.4757	6.963875	38.4196644725288
29.74558	6.806971	38.6477005871433
30.02754	6.839998	38.9124728748354
30.32887	6.789892	39.1960999000529
30.61881	6.697029	39.4751438682592
30.91977	6.597101	39.7509605720276
31.24866	6.54823	40.0293727477248
31.55994	6.365534	40.3073204705506
31.91824	6.616395	40.6908048631371
32.1844	6.79431	40.8795503138809
32.50731	6.633918	41.1002064089713
32.79099	6.853977	41.3720103765338
33.05917	6.616188	41.6319605505896
33.33825	6.604677	41.8931913851366
33.59422	6.638824	42.1543505026961
33.84401	6.815725	42.4031196568899
34.0792	7.035141	42.6626156233581
34.31345	7.082524	42.913116230536
34.51934	7.100228	43.17303566874
34.76127	7.140399	43.5255622283853
34.93255	7.21719	43.7112101882877
35.13775	7.201134	43.9105868286559
35.35695	7.621279	44.1452584721623
35.59838	7.497817	44.3937510036899
35.87835	7.232343	44.6338663080576
36.1486	7.044616	44.8651672531511
36.42113	6.889428	45.099029519227
36.69523	6.718168	45.3398995595109
36.99166	6.730884	45.5662895985074
37.25874	6.77746	45.7957907887238
37.57276	8.002853	46.1261738747022
37.74579	7.92885	46.3035641357572
37.95192	8.076911	46.4713033393503
38.15002	7.98736	46.6970410952699
38.34213	7.829023	46.920992756691
38.53434	8.085293	47.1382303420435
38.69595	8.114378	47.3553688896514
38.8462	7.950509	47.5725552485843
39.00488	7.884884	47.7877027960151
39.15237	7.902167	48.0011018149886
39.28956	7.955247	48.2148252679532

39.44333	8.051301	48.4208920787276
39.52909	8.032675	48.4214487391544
39.63599	8.270302	48.4215716825616
39.74409	8.39129	48.4217800033348
39.86261	8.602818	48.4219063618366
39.97762	8.599072	48.4220976071367
40.10229	8.545391	48.4224357015063
40.25278	8.55809	48.4227601354975
40.40634	8.54392	48.4229718713653
40.57138	8.520394	48.4231767770439
40.75556	8.697323	48.4235319468868
41.01033	8.547321	48.4238051544583
41.20309	8.429792	48.4240988525976
41.41915	8.258018	48.4244847582923
41.60769	8.099849	48.4246452677405
41.77043	7.944778	48.4245223243334
41.88451	7.878409	48.4240442110833
41.96489	7.798604	48.4238734563512
42.01867	7.836566	48.4240715318405
42.03834	7.85113	48.4237334374708
42.03009	7.942208	48.4237334374708
41.99993	7.921519	48.4235182865083
41.95546	7.24473	48.4232928902618
41.90854	7.219202	48.4230879845832
41.85398	7.209657	48.4227157392671
41.7803	7.228599	48.4223025128153
41.70083	7.292882	48.4220190599599
41.62407	7.369586	48.421797078808
41.55873	7.425393	48.4218107391866
41.49708	7.437433	48.4220327203384
41.43318	7.503625	48.4219610033509
41.35879	7.582091	48.4220053995813
41.27378	7.622257	48.4221249278938
41.19938	7.681862	48.4222410411117
41.13293	7.613421	48.4224322864117
41.07208	7.625012	48.4227157392671
41.00667	7.688501	48.4230572487314
40.94172	7.749903	48.4235865884011
40.87333	7.793972	48.424085192219
40.79953	7.834713	48.4250789847602
40.73151	7.904949	48.4258610414335
40.66425	7.95727	48.4264108716711
40.59753	7.972699	48.4269197207729
40.52629	8.002337	48.4274388151587
40.46015	8.051472	48.4278213057588
40.39545	8.096988	48.4282481925892
40.32639	8.113871	48.4285043246874
40.2634	8.073046	48.4289312115178
40.20603	8.132794	48.4290746454928
40.15657	8.164742	48.4294810417554
40.11366	8.226693	48.4297269285697
40.07626	8.274812	48.4300718531287
40.03302	8.289748	48.4306182682716
39.98058	8.319587	48.431140777752
39.9313	8.380119	48.4317759853557
39.88176	8.432611	48.4323907023914
39.82794	8.463295	48.432749287329
39.76507	8.520994	48.4332103251058
39.70764	8.576682	48.4337704006273
39.65627	8.606218	48.4341460610381
39.60929	8.663109	48.4346514950453
39.57219	8.701117	48.4349383629953
39.54232	8.710638	48.4353959856775
39.51834	8.745364	48.4358945894954
39.50135	8.756071	48.4364990612473
39.49076	8.756991	48.4368439858063
39.48108	8.77662	48.4373084386777
39.46974	8.785814	48.4379026651457
39.45636	8.814231	48.4383978538689
39.44242	8.825034	48.4388964576869
39.42919	8.855811	48.4393335898012
39.41111	8.861199	48.439651193603
39.39065	8.871215	48.4399687974048
39.37189	8.920815	48.440330797437
39.35854	9.01489	48.4407508540781
39.34899	9.023365	48.4410821182585
39.33622	9.043723	48.4413109295996
39.31369	9.062302	48.441652439064
39.29064	9.060524	48.2107544751384
39.26913	9.067395	48.0141884576616
39.25114	9.084066	47.8164476476274
39.23215	9.096928	47.6010234775305
39.21081	9.11723	47.3855241753514
39.18748	9.130411	47.1674362314327
39.16185	9.157939	46.9444032304706
39.13511	9.202356	46.7308300416703
39.10781	9.171341	46.508640569085
39.0763	9.143422	46.2608822829057
39.02782	9.13026	45.9337230462705
38.98956	9.153625	45.7644402198987
38.94204	9.058702	45.5873265815098
38.88308	9.122251	45.3646897315263
38.80661	9.133059	45.1289491633966
38.71962	9.111453	44.898358557989
38.61406	9.117339	44.6587042913981
38.47463	9.200328	44.4249410630668
38.31444	9.18947	44.1789825317645
38.1236	9.267877	43.934605189282
37.89988	9.386551	43.6882402617171
37.57174	9.602774	43.3257723615652
37.36068	9.704823	43.1328331745995
37.08813	9.767325	42.9388557988622
36.79254	9.844486	42.6911180032508
36.51128	8.493222	42.4348732068829
36.22546	8.439687	42.1735706553484
35.93309	8.488852	41.9175205193752
35.61905	8.565913	41.648585231313
35.32772	8.661907	41.3844105851835
35.04318	8.612765	41.1276022981995
34.7411	8.434916	40.862317746311
34.397	8.684531	40.4663887488444
34.15193	8.792787	40.255554465948
33.88461	8.790106	40.0391399184045
33.57396	8.883209	39.7776597819486
33.27723	8.830797	39.4913689829093
32.97007	8.850107	39.2225702986328
32.62963	8.630194	38.9284521026712
32.30225	8.806739	38.6561870973318
31.96721	9.079479	38.3695889397747
31.62245	9.121454	38.0812217631923
31.243	8.983254	37.7818887177104
30.79979	9.063255	37.3669410581756
30.51973	9.299376	37.1349331884909
30.14575	9.496452	36.9120914328288
29.791	9.73894	36.6099545946448
29.45313	9.717214	36.3042865485997
29.12293	9.883897	36.0044139181642
28.76663	9.929413	35.7020175327873
28.44357	9.825632	35.3966397697868
28.11682	9.688075	35.0781958546813
27.76935	9.865336	34.7714383934449
27.43767	9.788239	34.4480221005388
27.04239	9.752518	34.004124683713
26.73625	9.770325	33.7720587574194
26.34493	9.854568	33.496050808351
25.97128	10.00237	33.1721905531412
25.5941	10.12259	32.8519332227801
25.18706	10.08955	32.5137432304472
24.79901	10.35207	32.1895824469088
24.40034	10.24584	31.852348681076
23.99217	9.785829	31.5068913673422
23.54397	10.10735	31.187286320058
23.12246	10.21841	30.8420373270974
22.58701	10.42951	30.3340898102373
22.26412	10.48237	30.076929768505
21.85887	10.32041	29.8210811231158
21.45902	10.37972	29.4709792806672
21.06089	10.60729	29.1124080035033
20.6333	10.5444	28.7577333493273
20.23612	10.61065	28.4051419028838
19.8431	10.63312	28.0470402012334
19.42379	10.71632	27.6902584336625
19.03461	10.71924	27.319526004474
18.645	10.79324	26.9586580761625
18.14523	10.86742	26.4102348575904
17.84457	10.87478	26.1329923518085
17.47401	10.69971	25.8569912329293
17.11542	10.59145	25.4865781150899
16.74088	10.63155	25.1108698930062
16.39925	10.81693	24.7355919728474
16.06624	10.78397	24.3539995426933
15.74267	10.88327	23.9615880927093
15.40298	10.72315	23.5874525217088
15.08904	10.56915	23.2080098936326
14.77597	10.31639	22.8085496883049
14.37387	10.12764	22.2338131655065
14.12723	10.1943	21.937731290125
13.81379	10.26922	21.6316397723441
13.50171	10.02899	21.2343942558926
13.16585	10.00235	20.8425172682203
12.85134	10.08508	20.4437042233275
12.53742	9.871315	20.0386074042911
12.20237	9.979967	19.6347417268737
11.88442	10.09245	19.2273687472576
11.55595	10.29438	18.8161981823981
11.217	10.16314	18.4027787777161
10.77284	10.15203	17.814388706534
10.5024	10.06855	17.4764446010154
10.15968	9.908359	17.1556476857006
9.78852	9.670506	16.753300017852
9.431318	9.314264	16.330934772752
9.059157	9.403769	15.9051066216837
8.677382	9.621387	15.4862725844448
8.266598	9.579572	15.0663747452246
7.884834	9.678329	14.6369248862871
7.500827	9.403204	14.2105494663022
7.081887	9.365315	13.7779432061407
6.593831	8.953614	13.1722368975699
6.27348	8.914845	12.8244453666474
5.865748	8.928036	12.4879552376732
5.431448	8.986993	12.053603864149
5.027807	8.780715	11.616981452687
4.624783	8.939493	11.1891383957792
4.227673	8.784383	10.7451573091347
3.821415	8.939713	10.3052854351196
3.470175	9.131186	9.87125508049187
3.140119	9.068132	9.41859709213246
2.797364	9.032048	8.96523644805019
2.414759	8.999861	8.33005958025532
2.171236	8.840758	7.99909934328219
1.84642	8.858229	7.65873137434054
1.552804	8.358463	7.20766994272685
1.26424	8.378527	6.76546897416511
0.9771874	8.403824	6.31534455914416
0.6691033	8.573407	5.85762241231562
0.3835945	8.394261	5.41927580494563
0.1119058	8.266598	4.96948606919972
0.2121421	8.021278	4.51678966102557
0.4845679	7.946976	4.06524542040669
0.8634343	7.582142	3.36202535316582
1.086245	7.570356	3.00074441184591
1.349587	7.357408	2.65180839733114
1.630749	7.222951	2.2777840303499
1.906083	7.177585	1.81499110830636
2.195083	7.094341	1.36616026710326
2.457662	6.929228	0.912145098788275
2.712527	6.883731	0.466042331235748

2.957375	6.602212	0
3.199594	6.659057	0
3.403063	6.63037	0
3.627902	6.424953	0
3.771228	6.266351	0.0197823409300764
3.914066	6.158834	0
4.023847	5.883466	0
4.101455	5.629114	0
4.149732	5.074778	0
4.165229	4.714636	0
4.155862	2.92389	0.0197823409300764
4.132565	2.88568	0
4.114326	2.798343	0
4.113517	2.784388	0
4.138105	2.774881	0
4.194232	2.74602	0.0197823409300764
4.268428	2.730795	0
4.348345	2.756124	0.0197823409300764
4.430007	2.848951	0
4.49488	2.908316	0.0197823409300764
4.549843	2.932781	0.0197823409300764
4.597894	3.347143	0.0197823409300764
4.637049	3.966942	0
4.657997	4.08327	0.0197823409300764
4.662117	4.152703	0
4.653537	4.155296	0.0197823409300764
4.636922	4.152373	0
4.613078	4.133323	0
4.569861	4.100834	0.0197823409300764
4.539802	4.043703	0
4.50163	4.022338	0
4.469534	3.977492	0
4.441047	3.958887	0
4.414638	3.945013	0.0197823409300764
4.385303	3.910763	0
4.352802	3.864776	0.0197823409300764
4.315929	3.82454	0
4.281394	3.802975	0
4.247085	3.756818	0.0197823409300764
4.215425	3.71768	0
4.186241	3.694327	0
4.164524	3.652591	0.0197823409300764
4.147135	3.578124	0
4.129151	3.56101	0
4.109564	3.626174	0
4.088111	3.797616	0
4.068424	3.892946	0
4.048978	3.892091	0
4.032792	3.899882	0
4.016784	3.882469	0
4.000222	3.879594	0
3.987179	3.864928	0.0197823409300764
3.97823	3.856102	0
3.97631	3.854325	0
3.980839	3.860822	0
3.989045	3.868676	0
3.997774	3.903746	0
4.007071	3.908309	0
4.016345	3.92346	0
4.027106	3.937908	0
4.037984	3.945013	0
4.045591	3.95775	0
4.048495	3.961953	0
4.049026	3.980248	0
4.050429	3.992333	0.0197823409300764
4.052991	3.999733	0
4.0556	4.001887	0.0197823409300764
4.05415	4.004479	0
4.049124	3.996696	0.0197823409300764
4.042298	3.985559	0
4.034976	3.977984	0
4.027495	3.9663	0
4.020049	3.945013	0
4.012394	3.934227	0
4.005702	3.928199	0
4.000174	3.907407	0
3.996598	3.609397	0
3.994834	3.591723	0
3.991794	2.734806	0.0197823409300764
3.986737	2.338331	0.0197823409300764
3.983248	2.564833	0
3.98433	2.589592	0
3.988849	2.669025	0
3.995177	2.699361	0
4.002278	2.727424	0.0197823409300764
4.011125	2.756621	0
4.020049	2.763217	0
4.028516	2.767394	0
4.03813	2.771775	0
4.048204	2.784669	0
4.060328	2.787199	0
4.072369	2.799392	0
4.083558	2.826047	0
4.092421	2.832412	0
4.099019	2.831721	0.0197823409300764
4.107657	2.831583	0
4.118656	2.839108	0
4.130052	2.850118	0
4.138673	2.849912	0
4.143733	2.845376	0
4.146049	2.842347	0
4.14841	2.840831	0
4.152562	2.847782	0
4.157417	2.861634	0
4.161419	2.87712	0
4.164382	2.895973	0
4.167674	2.897122	0
4.170257	2.888731	0.0197823409300764
4.170821	2.880791	0
4.167955	2.876303	0
4.157511	38.381	0
4.144962	52.06585	0
4.135312	52.22682	0
4.128013	52.28659	0.0197823409300764
4.122221	52.30657	0
4.114184	52.34083	0
4.104701	52.37036	0
4.092995	52.38387	0
4.079864	2.65107	0
4.064619	2.692173	0
4.047721	2.733947	0
4.035073	2.927436	0
4.027349	3.098446	0.0197823409300764
4.024382	3.151818	0
4.025355	3.151508	0.0197823409300764
4.023555	3.168544	0
4.017612	3.17262	0
4.011564	3.173113	0
4.011612	3.164711	0
4.014541	3.154302	0
4.019074	3.2126	0
4.022533	3.216863	0
4.027106	3.223308	0
4.03318	3.229558	0.0197823409300764
4.039439	3.240995	0
4.04535	3.240269	0.0197823409300764
4.052121	3.252752	0.0197823409300764
4.056999	3.256241	0
4.061004	3.313103	0
4.066786	3.345095	0
4.075686	3.378813	0
4.08375	3.387089	0
4.08677	3.384429	0
4.083558	3.385181	0.0197823409300764
4.078231	3.377886	0
4.0741	3.375451	0
4.07232	3.367902	0.0197823409300764
4.071888	3.364645	0
4.070974	3.36121	0.0197823409300764
4.069145	3.356197	0
4.066738	3.35433	0.0197823409300764
4.064571	3.352403	0
4.062402	3.344158	0
4.061341	2.957441	0
4.061341	3.055886	0
4.06327	3.415467	0
4.066208	3.455361	0
4.071551	3.465376	0
4.078712	3.542985	0
4.084085	3.626174	0
4.08399	3.644594	0
4.079239	3.651787	0.0197823409300764
4.071022	3.687058	0
4.0638	3.708134	0
4.056999	3.734076	0
4.049075	3.743138	0
4.038469	3.772993	0
4.026279	3.774238	0
4.015077	3.799678	0.0197823409300764
4.007412	3.830321	0
4.003452	3.837165	0
4.001691	3.834664	0
4.000908	3.837063	0
4.000565	3.880552	0
4.000222	3.884487	0
3.999586	3.887007	0
4.002327	3.907506	0
4.010392	3.917917	0
4.023895	3.944814	0
0.01978234	0.1153499	0.505516929969525
0.04423466	0.1356209	0.909567129219443
0.06852804	0.1506579	1.34668398235274
0.09691329	0.1813082	1.80222270976546
0.1282043	0.2130625	2.2508154548389
0.1582588	0.2332305	2.69849103355721
0.1866263	0.2697954	3.16434003841963
0.2130625	0.2859903	3.59395766388145
0.2332305	0.2818553	4.08993143203551
0.2525642	0.2859903	4.5211238430147
0.2719625	0.254109	4.95665683928548
0.2987072	0.2281412	5.57654005949416
0.3232465	0.2112177	5.91201547847251
0.365305	0.1480375	6.27935287669883
0.427501	0.1426525	6.72169941366974
0.5215207	0.1545051	7.16456291059228
0.6364292	0.3183671	7.60981185112314
0.7790887	3.86579	8.0581984098575
0.9646922	5.835327	8.4864905517109
1.164157	6.954517	8.93703203516515
1.384515	7.086096	9.3601725067492
1.624256	7.213057	9.80894753249922
1.960445	7.083577	10.419335935826
2.178975	6.995211	10.7612278907522
2.469103	6.937829	11.1022344823921
2.79176	7.022248	11.5334994641325
3.102235	6.87378	11.9645279505688
3.420794	6.903449	12.4044484896825
3.746118	7.132454	12.8196907011304
4.102028	7.669179	13.2538149708608
4.442546	7.407164	13.6660792197797
4.790029	7.45243	14.092096054827
5.165926	7.329299	14.5127486299635
5.56817	7.616102	15.1176472686512
5.872228	7.767232	15.4334376552189
6.231367	7.616643	15.7527353439853
6.619032	7.491926	16.176022664639
6.97578	7.626093	16.5841042763936
7.32373	7.732994	16.9934511807135
7.686229	7.677696	17.3988929243089
8.01577	7.701203	17.8041502527935
8.336163	7.873648	18.2087604208432
8.644611	7.930533	18.6165705325736
8.961269	8.1022	19.017043313463
9.261556	8.329494	19.5676146265657
9.508843	8.254428	19.8482756420856
9.781246	8.502489	20.2095636270382
10.01858	9.120787	20.5906028118601
10.24187	10.70272	20.9778660066693
10.45515	11.31773	21.3704004000605
10.68215	11.41145	21.7580768213216
10.89885	11.5996	22.1387557136586
11.11726	11.60082	22.5358526734931
11.35291	11.74836	22.9050158666931
11.57391	11.97293	23.2785811168883
11.84488	11.74556	23.8314627415171
12.02452	11.58832	24.1053874828531
12.27618	11.30984	24.3877919041884
12.51641	11.18074	24.7623407016408
12.76229	11.09819	25.1355644423716
13.03295	11.09677	25.4943542855926
13.29495	11.16498	25.8564823838275
13.56662	11.10362	26.2147428873788
13.84539	11.31221	26.5698324755539
14.14977	11.62898	26.9271213846793
14.43802	11.66344	27.2785055951664
14.81459	11.62351	27.7986245093352
15.04819	11.57149	28.0623534856137
15.34793	11.7467	28.3302318018839
15.6488	11.69351	28.6576198498601
15.9526	11.8177	29.0028244465903
16.2884	12.04533	29.3352463440707
16.61798	12.41807	29.6754990535682
16.9638	12.49299	30.0117151211973
17.34896	12.57862	30.3380239992663
17.71505	12.53745	30.6650807830622
18.08544	12.40823	30.9969699257783
18.54235	12.76256	31.4662005146678
18.86788	12.76421	31.7116365364897
19.24754	12.55303	31.9667645969092
19.62491	12.36418	32.2843854742057
20.02423	12.62726	32.5936086337745
20.39319	12.55801	32.9078383220903
20.75911	12.49504	33.2246088408207
21.12046	12.29953	33.5315336416945
21.49633	12.26337	33.8390799897934
21.83228	12.28275	34.1439557338813
22.15173	12.4654	34.4543127048717
22.52718	12.50027	34.8738741572696
22.78808	12.43914	35.1047652910058
23.08576	12.34362	35.3479575956471
23.37401	12.4062	35.6351636400508
23.67054	12.30403	35.9330486854039
23.94151	12.29246	36.2239874282527
24.21477	12.34862	36.5106914537438
24.51628	12.41597	36.7922489316075
24.80502	12.19131	37.0803907119434
25.09598	12.03994	37.3566718685833
25.389	11.97591	37.647610611432
25.74844	12.27273	38.0242033430284
26.00458	12.2641	38.2290885310562
26.3043	12.39801	38.4663761370593
26.62086	12.46601	38.7350894439697
26.90567	12.41975	39.0024879394425
27.18223	12.30833	39.268510151774
27.45895	12.24455	39.5309772505818
27.75686	12.10473	39.7982528026474
28.03164	11.97079	40.0655556754702
28.29665	12.15189	40.3295390762996
28.56637	12.27878	40.5773383436147
28.85908	12.35767	40.944894734785
29.04265	12.20809	41.1304709776999
29.27055	12.26632	41.3319444861791
29.50758	12.44995	41.5823767914641
29.7267	12.53254	41.8265936244984
29.94987	12.46609	42.0758647976047
30.20029	12.56167	42.3160859699063
30.44638	12.32727	42.5574955951439
30.69856	12.1271	42.7987105599867
30.95354	11.96975	43.0343247696146
31.23261	11.72198	43.274836224961
31.54206	11.67049	43.6075347451075
31.78388	11.74182	43.7740854957647
32.09481	11.54562	43.9598256632225
32.38691	11.31592	44.191461287591
32.67527	11.6962	44.4135551375262
32.96249	11.899	44.6433636862606
33.26586	11.67444	44.8646140078189
33.53928	11.60896	45.0862434048826
33.79762	11.55301	45.3095222926591
34.05882	11.56369	45.526698406308
34.28387	11.5188	45.7413439348263
34.53136	11.58912	46.051506245422
34.67395	11.66662	46.2089011273406
34.84438	11.72217	46.3792426330519
34.97696	11.69848	46.5903057272893
35.08899	11.79804	46.8043194632986
35.19682	12.12728	47.0070121605655
35.29262	12.32115	47.2128330845256
35.38876	12.35949	47.4151023100567

35.48722	12.29817	47.4188281783125
35.60318	12.20085	47.4197570840554
35.72577	12.20056	47.4203308199555
35.90319	12.12769	47.4208943105717
36.01734	12.29297	47.421522687986
36.16682	12.22236	47.4216968578128
36.32027	12.09918	47.4220998389807
36.47618	11.96375	47.4226530843129
36.64571	11.9089	47.4230150843451
36.80681	11.86397	47.4234009900398
36.96649	11.90246	47.4239098391417
37.13309	11.88975	47.4244050278649
37.28722	11.84044	47.4249753486704
37.43672	11.86918	47.4254773675829
37.56993	11.7349	47.4260647638615
37.68633	11.61121	47.4268536507241
37.7833	11.67634	47.427707424385
37.83103	11.70082	47.4283118961368
37.87925	11.57871	47.4293432547191
37.90049	11.55176	47.430378028396
37.89789	11.52612	47.4311395945014
37.87606	11.46372	47.4321880285569
37.84184	11.48441	47.4324578210337
37.80785	11.52672	47.4329700852302
37.7739	11.57708	47.4337794626607
37.73488	11.62337	47.4345000476304
37.69368	11.67114	47.4352001420323
37.64988	11.72758	47.4355997081055
37.60297	11.81783	47.4358353496359
37.55124	11.83744	47.4363373685485
37.49972	11.9215	47.4366857082021
37.44164	11.98209	47.4370750289914
37.37766	12.01657	47.437423368645
37.30698	12.09137	47.4373653120361
37.24426	12.16191	47.4374541044968
37.18554	12.22602	47.4372355384397
37.12461	12.26963	47.4371262554111
37.06558	12.34657	47.4372048025879
37.00451	12.41621	47.4369623308682
36.93751	12.454	47.4368530478396
36.88003	12.52947	47.4365183685646
36.83341	12.58638	47.436207594952
36.79377	12.62078	47.4354528590359
36.75484	12.64253	47.4352308778841
36.71869	12.70253	47.4349474250287
36.68498	12.73789	47.4347595948233
36.65258	12.7549	47.4345102929143
36.62726	12.78671	47.4343839344125
36.60559	12.80082	47.4343053872357
36.58467	12.815	47.4340390098536
36.56255	12.84188	47.4341038966518
36.54194	12.89439	47.4340151041911
36.52074	12.89844	47.4340458400428
36.49922	12.92429	47.4338136136071
36.4802	12.92708	47.4335608966035
36.46022	12.94013	47.4332945192213
36.43542	12.8571	47.4332432928017
36.40785	12.86054	47.433250122991
36.38449	12.83799	47.4331749909088
36.36868	12.75238	47.4329974059874
36.35408	12.76486	47.4329120286213
36.3389	12.76497	47.4330076512713
36.32328	12.78327	47.4329256889999
36.31212	12.77319	47.4329939908927
36.30796	12.76937	47.4330042361767
36.30848	12.74559	47.4329427644731
36.30749	12.74449	47.4327959154034
36.30458	12.72642	47.432618330482
36.29949	12.70625	47.4323758587623
36.29465	12.71461	47.2092472351502
36.28934	12.72886	47.0124524063322
36.28118	12.73242	46.8165079360804
36.26693	12.68805	46.6132756538599
36.24695	12.70394	46.3975441252451
36.22154	12.68952	46.1925598994726
36.18586	12.73273	45.978491521949
36.14009	12.75215	45.7657823520935
36.0803	12.82621	45.5492687668053
36.00466	12.87425	45.3326083324475
35.92205	12.90127	45.0989543871449
35.79492	12.97645	44.7829317741414
35.70187	12.93485	44.6061801357847
35.56612	12.71343	44.4388883095899
35.41241	12.68564	44.2175150446244
35.24192	12.45167	43.9904146659421
35.05099	12.03716	43.7634679665188
34.82635	12.03013	43.5314122855092
34.60168	12.11772	43.2912457547218
34.36716	12.03662	43.0602180171998
34.10833	11.99782	42.8206559581643
33.86244	11.82325	42.576104445855
33.56146	11.69344	42.2344891135949
33.34644	11.83187	42.0593186640581
33.09369	11.95614	41.8462782300221
32.83866	12.02828	41.5994625099643
32.58222	12.06065	41.3593506206912
32.29994	12.00776	41.107255164315
32.02544	11.93773	40.84806314127
31.73658	11.98045	40.592709684604
31.41344	12.1352	40.3305704348819
31.10002	12.22066	40.0773684878412
30.77434	12.4499	39.813009426601
30.36056	12.54506	39.4428131672714
30.05188	12.54737	39.2492660934592
29.67655	12.73196	39.0310176400923
29.28979	13.16807	38.7636396351874
28.90046	13.33108	38.4882532333441
28.49189	13.69652	38.2150115109367
28.12495	13.55365	37.9376341089164
27.75031	13.58727	37.6610558390425
27.42336	13.82596	37.3807585311022
27.12795	13.75683	37.1007651665851
26.86645	13.47291	36.8118993861848
26.55954	12.98831	36.3776769324834
26.37343	12.99428	36.1654322154993
26.12819	12.91818	35.9407019124995
25.8705	12.91729	35.6571841703106
25.58795	13.11482	35.3579023512483
25.31933	13.31776	35.066068853603
25.03832	13.39689	34.7655473551853
24.71395	13.5542	34.4637725170335
24.39008	13.73696	34.1581352068402
24.05578	13.72443	33.8530648023576
23.69518	13.8741	33.5422297181172
23.28823	14.02475	33.1008697166114
23.02172	14.01569	32.857831091229
22.67287	13.97682	32.6118179184124
22.2897	12.46951	32.2908673238387
21.93233	12.74901	31.9749949749995
21.58354	12.80654	31.6476308326857
21.24481	12.95771	31.3260313701297
20.88224	13.25921	30.9971031144694
20.53537	13.07127	30.6722832176648
20.17383	13.16143	30.3364223198786
19.76575	13.398	29.9955344027775
19.27077	13.78431	29.5302277576331
18.93498	13.92215	29.2721080743061
18.49808	14.38013	28.9951951251573
18.03119	14.76269	28.6602904538712
17.60469	14.7214	28.3131785267827
17.18861	14.48119	27.9544399099813
16.74896	14.59739	27.6173461630289
16.33923	14.7489	27.2664912922115
15.92659	14.63806	26.9001950709645
15.51188	14.94088	26.5539778986726
15.06748	15.16233	26.1919505457297
14.59696	14.96686	25.6998097944259
14.24862	14.90967	25.4260097040444
13.81552	15.28025	25.1081173267237
13.40909	15.32419	24.7329316141203
12.99832	15.21729	24.3657064871304
12.55688	15.42904	24.0026665586258
12.14856	15.60781	23.6311879312577
11.74638	15.65733	23.2485863406365
11.35054	15.76898	22.8720704486696
10.92863	15.95949	22.4798195081338
10.53893	15.99414	22.1070619278218
10.10291	15.64973	21.5731733520514
9.78641	15.78449	21.270327881729
9.408407	15.63286	20.961480382571
9.072703	15.74622	20.5708721025586
8.749586	15.48149	20.1738058785759
8.412653	15.69027	19.7782508339728
8.106753	15.3922	19.3821357138482
7.809017	15.32928	18.9810191876186
7.498394	15.59625	18.5903016245776
7.213112	15.74259	18.1891424096649
6.93152	15.55054	17.7799082034683
6.610464	15.37176	17.1958245666312
6.36969	15.40105	16.9026813801903
6.06385	15.04681	16.5681352938417
5.772988	14.74185	16.1433094730512
5.477043	14.66594	15.738086295513
5.156169	14.62522	15.3264990891072
4.855872	14.60204	14.9086605519568
4.557457	14.42893	14.4900006845447
4.242332	14.50289	14.0721928832461
3.947246	14.44037	13.6426141044859
3.645615	14.07718	13.2166732552943
3.271657	14.05498	12.6288253303868
3.008497	13.9009	12.3046423487332
2.707832	13.75158	11.9507975625556
2.414273	13.57234	11.5209899724542
2.107379	13.45423	11.0873625989944
1.826171	13.09244	10.6568566220385
1.551417	12.25659	10.2222755833995
1.284813	12.46719	9.78898203544105
1.005999	11.19604	9.35231608152237
0.7438844	11.26084	8.92447046329358
0.4821389	10.50453	8.47892014066045
0.23239	10.58671	7.86818766654839
0.2954137	10.71658	7.52321358870664
0.5616257	10.86821	7.15305318787083
0.8813781	10.91868	6.71805123881708
1.253201	10.96076	6.27016669899529
1.616768	11.10051	5.8329756742752
1.987905	10.72323	5.38859758287838
2.365626	10.77784	4.94058326946014
2.781012	10.76194	4.48104514605504
3.182785	10.60961	4.04578493046889
3.598477	10.6551	3.59128705987042
4.11447	10.65462	2.96444899942074
4.476891	10.86182	2.62450450221485
4.889163	10.90214	2.25767445898647
5.315997	10.91721	1.80004964235526
5.707224	10.86829	1.35479696656464
6.092651	10.71096	0.90395634216398
6.470357	10.70973	0.454564785109138
6.863042	10.90559	0

7.21545	10.73554	0
7.553359	10.51343	0
7.898912	10.63615	0
8.226048	10.45162	0.0197823409300764
8.492112	9.819986	0
8.756094	10.14868	0.0197823409300764
9.009527	10.09795	0
9.222643	10.09843	0
9.410204	9.999437	0.0197823409300764
9.578649	9.670098	0
9.713552	9.430568	0
9.837412	9.459972	0
9.966439	9.298194	0
10.08658	9.406882	0
10.19846	9.443336	0
10.2935	9.52033	0
10.36348	10.86569	0
10.40732	10.93285	0
10.42249	10.94541	0
10.41588	10.9448	0
10.38914	10.84921	0.0197823409300764
10.34148	10.77925	0
10.2614	10.55027	0
10.13778	10.42098	0
9.992178	10.32466	0.0197823409300764
9.824071	10.00056	0
9.638718	9.694648	0
9.423353	9.205495	0.0197823409300764
9.213326	9.057813	0
9.002	9.074717	0
8.781743	9.186219	0
8.586547	9.070927	0
8.400365	8.810419	0.0197823409300764
8.220246	8.615457	0
8.028837	8.532143	0
7.853105	8.322773	0
7.678182	8.168612	0
7.494362	7.940676	0
7.330156	7.860175	0.0197823409300764
7.176547	7.659372	0
7.033775	7.492843	0
6.894379	7.410368	0
6.779399	7.257528	0
6.680727	7.126346	0
6.59157	7.08305	0
6.521884	7.068495	0
6.462109	7.102217	0
6.410593	7.060887	0
6.362792	7.117531	0.0197823409300764
6.320776	7.213248	0
6.281164	7.222055	0
6.240076	7.197783	0.0197823409300764
6.20267	7.146468	0.0197823409300764
6.166659	7.125905	0
6.131941	7.078312	0
6.09323	7.050377	0.0197823409300764
6.054532	7.003003	0.0197823409300764
6.013043	6.941333	0
5.964337	6.893555	0.0197823409300764
5.914899	6.79887	0
5.860834	6.734321	0
5.801742	6.696589	0
5.735144	6.623238	0
5.673643	6.535731	0.0197823409300764
5.616182	6.482347	0
5.565107	6.383896	0
5.513631	6.302478	0
5.468699	6.088789	0
5.426972	6.066694	0
5.38798	5.947485	0.0197823409300764
5.359134	5.885964	0
5.335975	5.862138	0
5.318172	5.838148	0
5.30718	5.823963	0
5.302785	5.818609	0
5.304373	5.849821	0
5.307882	5.867352	0
5.306848	5.875298	0.0197823409300764
5.300789	5.871827	0
5.292761	12.65672	0
5.288576	17.6902	0.0197823409300764
5.287056	17.68552	0
5.285241	17.67888	0
5.280196	49.30767	0
5.276558	49.46006	0.0197823409300764
5.279268	31.05651	0.0197823409300764
5.293909	3.508331	0.0197823409300764
5.31585	3.538284	0
5.341444	3.604566	0
5.367209	3.630546	0.0197823409300764
5.392451	3.652323	0
5.412908	3.65768	0
5.42672	3.643252	0
5.432242	3.578342	0
5.429211	3.559195	0
5.414283	3.546962	0
5.390379	3.532303	0
5.356977	3.498496	0
5.3248	3.485993	0.0197823409300764
5.289984	3.461305	0
5.253931	3.438946	0
5.21594	3.440995	0
5.180772	3.402603	0
5.147536	3.434332	0
5.115999	3.379682	0
5.092699	3.373362	0
5.076592	3.363772	0.0197823409300764
5.067554	3.356314	0
5.06995	3.355789	0
5.082185	3.357772	0
5.100772	3.361851	0.0197823409300764
5.122505	3.364354	0
5.142242	3.383677	0
5.157081	3.397247	0.0197823409300764
5.166381	3.400531	0
5.169035	3.400991	0
5.166267	3.393038	0
5.160347	3.360744	0
5.150733	3.343749	0.0197823409300764
5.139498	3.329079	0
5.12522	3.314639	0
5.109062	3.309674	0
5.08419	3.283603	0
5.071998	3.281754	0
5.06028	3.292296	0.0197823409300764
5.047603	3.287357	0
5.037929	3.288429	0.0197823409300764
5.027885	3.275903	0.0197823409300764
5.016728	3.268963	0
5.001513	3.262068	0
4.98244	3.264708	0
4.9612	3.257143	0.0197823409300764
4.935942	3.255039	0.0197823409300764
4.909397	3.254557	0
4.880901	3.251127	0
4.848039	3.253234	0.0197823409300764
4.817353	3.246608	0
4.789947	3.237429	0
4.766209	3.231739	0
4.743343	3.226404	0
4.720201	3.225129	0
4.695652	3.228224	0
4.668415	3.373884	0
4.643255	4.160666	0
4.618637	4.492526	0
4.595678	4.520517	0.0197823409300764
4.571447	4.520821	0
4.548164	4.530256	0
4.52264	4.542735	0
4.495359	4.57089	0
4.464492	4.552555	0
4.434824	4.557371	0
4.403622	4.537601	0
4.370898	4.518524	0.0197823409300764
4.34032	4.485021	0.0197823409300764
4.311571	4.466159	0
4.283406	4.429919	0
4.251371	4.394449	0
4.218676	4.383159	0
4.186054	4.367939	0
4.154354	4.331377	0
4.128297	4.312161	0
4.104748	4.294913	0
4.081351	4.30061	0
4.059123	4.306844	0
4.042734	4.302021	0
4.030266	4.288798	0
4.020926	4.2856	0
4.014004	4.282171	0.0197823409300764
4.007901	4.27993	0
3.9989	4.268841	0
3.990076	4.268199	0
3.983986	4.265078	0
3.980937	4.250542	0
3.978969	4.245147	0
3.976606	4.243533	0
3.972713	4.264297	0
3.967633	4.288935	0
3.962101	4.285646	0.0197823409300764
3.958046	4.289985	0
3.954037	4.283817	0
3.950321	4.270401	0.0197823409300764
3.945063	4.269759	0.0197823409300764
3.940245	4.269621	0
0	0	0.49218045177905
0	0.01978234	0.921323485807164
0.03426402	0.1467098	1.36314890067986
0.05233916	0.1312212	1.80243999516213
0.07661668	0.1186941	2.24977171653855
0.1083524	0.1251145	2.70963896968989
0.1506579	0.1426525	3.34152304591841
0.191797	0.1398823	3.66185316048414
0.2525642	0.1235407	4.0581095801496
0.3232465	0.2185032	4.53531228059696
0.4102162	0.2246844	4.9720085434806
0.5282311	0.2866737	5.39339579085216
0.6647022	0.301316	5.85306966426932
0.8301588	0.3896677	6.28893136339952
1.031545	0.4780633	6.73461231340275
1.294373	0.5811456	7.17717485510985
1.584244	0.783097	7.63468313163636
1.981989	1.291498	8.26750016903273
2.285676	2.697185	8.59470892454024
2.658296	4.489822	8.93450315758182
3.042532	4.322187	9.37657862141543
3.433192	4.236558	9.81766370780249
3.857118	4.151713	10.2508701708475
4.254825	3.948139	10.6926246157847
4.653579	3.915967	11.1179900215288
5.085038	3.800503	11.5567912633732
5.486266	3.745073	11.977485673419
5.887962	3.930492	12.4162553256379
6.374122	3.775535	13.030919427458
6.714722	3.664739	13.3424221627012
7.10934	3.695704	13.692304585319
7.50012	3.76416	14.1106545328922
7.911328	3.57199	14.5342790941419
8.286787	3.636527	14.9480331780989
8.652536	3.782479	15.3644510358777
9.011185	3.720997	15.7859607997696
9.389189	4.599555	16.2058330257801
9.729447	5.807954	16.6134057884328
10.05882	5.882833	17.035257061789
10.44214	5.899469	17.6064572540843
10.70381	5.971563	17.9125504794125
11.01088	5.905845	18.2387142159592
11.32079	5.891988	18.6431689972026
11.64916	6.597398	19.0492237502865
11.94496	6.517252	19.4453235024851
12.22719	6.313202	19.8414437452517
12.52251	6.125576	20.2274689682528
12.79737	5.960457	20.6255511828919
13.07687	5.958747	21.0157035477694
13.3572	5.90113	21.413655988812
13.69279	5.978813	21.9540605651617
13.92395	6.369291	22.2476101478653
14.18978	6.391877	22.5514938069593
14.47356	6.48032	22.941121954809
14.73764	6.458861	23.3146940351934
15.00057	6.491144	23.6932111726213
15.25862	6.645496	24.0719178478018
15.53322	7.494545	24.4303337381595
15.7956	7.563251	24.8131607250271
16.06645	7.557384	25.1723774550786
16.3591	7.493525	25.5383851008282
16.66517	7.621124	26.0348391166665
16.88512	7.5967	26.2926036301506
17.13581	7.772966	26.6181765553239
17.40166	7.927983	26.9693592752271
17.64726	7.916066	27.3296380997127
17.89352	7.792587	27.6760191965475
18.15293	7.84868	28.0247123124557
18.38927	7.795382	28.3676509938901
18.62659	7.676469	28.7197131006639
18.86446	8.088958	29.0575615835325
19.12572	7.938722	29.4023666141894
19.40615	7.934592	29.8833212229892
19.61726	8.250906	30.1312912450365
19.87474	9.003615	30.3984575140735
20.11035	9.120722	30.7329626192863
20.34513	9.070667	31.0666139508383
20.57932	9.313991	31.3866253943851
20.82966	9.261662	31.7129035366023
21.06095	9.323924	32.0390075089928
21.28768	9.432756	32.3554296880695
21.52138	9.766117	32.6725178106017
21.73689	9.697973	32.9922628767664
21.99411	10.06939	33.4477033134864
22.16104	9.963676	33.673966993981
22.38742	9.872072	33.9179447703903
22.60014	9.827633	34.2376727610817
22.81225	9.76978	34.5287754284733
23.03792	9.940458	34.8269644172497
23.24603	9.870119	35.1359485201935
23.45126	9.771813	35.4352644902021
23.65659	9.884652	35.7225729874451
23.87738	9.841748	36.0237092028986
24.08402	9.792557	36.3236159842806
24.33107	9.670892	36.718482887313
24.49873	9.646303	36.9246521509267
24.68816	9.667171	37.1631384551496
24.87706	9.632679	37.4472162728601
25.06519	9.909053	37.7254986749609
25.26255	9.932384	38.0041977186082
25.44032	9.93755	38.2829309132019
25.60758	9.983257	38.553676201425
25.77862	10.07747	38.8289499051451
25.93779	10.06445	39.092489343671
26.09308	10.24052	39.3651061037586
26.27261	10.31126	39.7280111360248
26.39557	10.24607	39.9373564376568
26.5349	10.09194	40.1590882875598
26.66943	10.06122	40.4132806120471
26.81349	9.927215	40.6751876353334
26.95146	10.00844	40.9272933369937
27.09114	10.39493	41.1821037936113
27.22704	10.4132	41.434817382118
27.36704	10.49288	41.6833133287403
27.49298	10.57328	41.9338344264861
27.61477	10.66546	42.1808755427903
27.75821	10.80188	42.5208072333913
27.85691	11.01565	42.7127389674373
27.96934	10.92285	42.9008697011452
28.07865	11.08115	43.1411318545826
28.1904	10.97167	43.3786960832518
28.28746	10.90959	43.6139380475636
28.37742	10.8532	43.8443510680498
28.46688	10.798	44.0774722585882
28.547	10.73323	44.3042072221436
28.62519	10.70986	44.5389710732053
28.69993	11.25799	44.7647224895035
28.78445	12.65981	45.0858779897558
28.84494	12.85549	45.2432797018637
28.9186	12.81463	45.4287364164661
29.00148	12.76013	45.643778095963
29.08128	12.72684	45.8596291528903
29.16017	12.72492	46.0761529834624
29.2346	12.77149	46.2953132670991
29.30619	12.94874	46.5045561158917
29.36765	13.02582	46.7192699463028
29.42867	13.09066	46.9237965493931
29.49511	13.12501	47.1338282850484
29.57371	13.29944	47.439270934847

29.62692	13.62439	47.543513283738
29.69633	14.67834	47.5433254535326
29.77605	14.7952	47.5435679252522
29.85339	14.82248	47.5439162649059
29.93763	14.86178	47.5441689819095
30.03425	14.85816	47.5441963026666
30.12965	14.85782	47.5441894724773
30.22574	15.02165	47.5443738875881
30.31964	14.99816	47.5444900008059
30.41851	15.00635	47.544814434797
30.53139	15.11182	47.5447563781881
30.61095	15.15623	47.5448280951756
30.70108	15.07762	47.5443226611684
30.78343	15.05073	47.5446505102542
30.85634	15.11816	47.5442987555059
30.91932	15.05753	47.544145076247
30.97715	15.03239	47.5437864913094
31.0233	15.02528	47.5433698497629
31.06553	15.017	47.5432195855986
31.11015	15.01521	47.5427892836736
31.15101	14.99424	47.5424238685468
31.18862	14.97699	47.5421404156914
31.22338	14.95773	47.5417442647127
31.25388	14.9503	47.5412217552323
31.27683	14.92709	47.5409519627555
31.29819	14.90344	47.540497755168
31.31985	14.88939	47.5402860193001
31.34138	14.87661	47.5395449437625
31.37026	14.84897	47.5390497550392
31.40537	14.88539	47.5387082455749
31.44589	14.86482	47.5383496606373
31.4779	14.82545	47.5380252266462
31.50081	14.79818	47.5377042077498
31.51781	14.7873	47.5372909812979
31.53371	14.66939	47.5369153208872
31.55174	14.63071	47.5367718869122
31.57021	14.6152	47.5365977170854
31.58985	14.54141	47.5364201321639
31.60721	14.4373	47.536160584971
31.62515	14.3541	47.5360239811853
31.64393	14.29252	47.5357166226674
31.66003	14.26878	47.5356927170049
31.67323	14.25443	47.5354673207584
31.68294	14.25067	47.5354980566102
31.69163	14.23878	47.5357815094656
31.69852	14.26373	47.5361366793085
31.70379	14.26236	47.5363552453657
31.70748	14.27792	47.5367172453979
31.70813	14.29382	47.536840188805
31.7047	14.29363	47.5370075284425
31.69731	14.38222	47.5371270567551
31.68585	14.40214	47.5373183020551
31.67595	14.41287	47.5375232077337
31.67035	14.41888	47.537577849248
31.66795	14.42829	47.5376939624658
31.67027	14.47214	47.5377588492641
31.67254	14.4676	47.5377827549266
31.67148	14.42607	47.5378681322926
31.66661	14.46138	47.5379569247534
31.66126	14.48461	47.5380423021195
31.65686	14.48808	47.5382335474195
31.65178	14.49956	47.5382437927034
31.64525	14.42184	47.5382028115677
31.63702	14.42832	47.5383120945963
31.62663	14.44459	47.2982787525
31.61618	14.438	47.1143349248246
31.60483	14.44604	46.9151700203243
31.59173	14.46593	46.7092056623891
31.57655	14.40493	46.4953934169638
31.56014	14.42345	46.2830325867619
31.54247	14.46374	46.0688344356419
31.52143	14.49733	45.8536254165075
31.49252	14.5359	45.6373577180336
31.46158	14.57902	45.4149701699591
31.42532	14.63382	45.1947853579294
31.38166	14.70262	44.9735008854246
31.32746	14.76464	44.639607082153
31.2856	14.78656	44.4530097259398
31.24587	14.82249	44.2584995954382
31.19261	14.76828	44.0663800311869
31.13307	14.75571	43.8298505761946
31.059	14.68763	43.596425442233
30.96467	14.6202	43.3662036670468
30.86119	14.61327	43.1177077204245
30.74074	14.63663	42.8737640949617
30.60221	14.52958	42.6455538105204
30.43586	14.39846	42.4027986379934
30.23662	11.80862	42.0418163040114
30.10193	11.91213	41.8582686273146
29.90765	12.0042	41.6675560820563
29.70672	12.0796	41.4159933804444
29.48686	12.22484	41.1632251504234
29.24543	12.27077	40.9091386938701
28.97106	12.29583	40.652637765404
28.70192	11.86005	40.3899657609175
28.42167	11.94263	40.1329696437281
28.10877	11.90734	39.8748602056851
27.71578	11.99064	39.4815096046742
27.32562	12.03667	39.14730502779
27.09144	12.18122	38.948222085561
26.80782	12.41263	38.7506452000698
26.47091	12.58155	38.5287152746774
26.12502	12.67876	38.2623037415566
25.74284	12.89879	37.9834476035557
25.38494	13.31567	37.7081636545517
25.03364	6.495251	37.4288669693418
24.6915	13.81446	37.1442495666778
24.32614	13.97679	36.8556535787543
23.97615	14.35749	36.5614465903319
23.56583	14.69882	36.166938272237
23.23418	14.77849	35.9497655736827
22.88561	12.10882	35.6973934946403
22.54806	12.39368	35.4081349783561
22.2162	12.28079	35.1095293480332
21.87227	12.36408	34.8116477177747
21.56733	12.17348	34.5017620298451
21.28052	12.00487	34.2088971736176
20.9842	11.98671	33.8951216928894
20.70978	12.14006	33.5921584018017
20.4294	12.07868	33.2766787888465
20.08631	12.24012	32.8301244283882
19.84942	12.25823	32.600544690995
19.58502	12.28089	32.3332862144026
19.3328	12.37672	32.0190155449511
19.06513	12.36214	31.6950801576592
18.80909	12.3437	31.3701714683939
18.54822	12.15109	31.0452525338447
18.28911	12.19288	30.7128033156071
18.01761	12.37328	30.38475273927
17.76448	12.4372	30.04955095475
17.50424	12.40065	29.7040082636501
17.15418	12.3025	29.2101445970988
16.93856	12.32101	28.9495079890197
16.66876	12.24997	28.6904320791926
16.40272	12.29866	28.3498993319344
16.11535	12.22761	28.0033423577255
15.84208	12.43099	27.6508772697838
15.56121	12.60506	27.3020048614067
15.25657	12.79538	26.9456448580243
14.97121	12.90632	26.5951024683668
14.68422	12.89143	26.2263149355775
14.39445	12.8965	25.8674824036734
14.01845	12.91766	25.344986583633
13.79084	12.74546	25.0603316149278
13.51436	12.7868	24.7760437688968
13.2362	12.60874	24.41245059506
12.99491	12.62698	24.0442146000557
12.76361	12.62283	23.6692935572872
12.53242	12.627	23.2880938630171
12.28185	12.4048	22.9124197918797
12.05005	12.23282	22.5255322574812
11.81325	11.91927	22.1493459221474
11.55237	11.86435	21.7643691332018
11.24877	11.72659	21.2022086964272
11.04612	11.63354	20.8976095750054
10.7822	11.53688	20.6028920299339
10.48654	11.14652	20.2095243534498
10.19673	10.66544	19.8082336573933
9.892488	10.6544	19.4082372822066
9.548102	10.73378	19.0127027281714
9.205431	10.76046	18.615394032469
8.844112	10.88041	18.2114805437265
8.473962	10.72903	17.7943967424923
8.083179	10.78	17.3937310087556
7.660064	11.09255	16.8001653616415
7.399318	11.1255	16.4819041540994
7.060414	10.83322	16.1532559361997
6.762222	10.9152	15.7508741174047
6.476386	10.83818	15.3341318256348
6.19451	10.827	14.9239567608639
5.89691	10.70782	14.5028516856873
5.620926	10.50678	14.0690749018368
5.348923	10.31921	13.6510092608927
5.053926	10.50727	13.2313035207461
4.76814	10.65244	12.8008846287036
4.426026	10.89285	12.2022714717068
4.164712	10.10213	11.894659383036
3.844099	9.915738	11.520784213002
3.564857	9.179329	11.0829929853983
3.315348	8.89256	10.658574414644
3.086862	8.946787	10.2248539798552
2.921479	9.106944	9.78614921443447
2.807213	9.105715	9.35176966637945
2.74488	8.867715	8.91541790116795
2.724192	8.87998	8.46856045106012
2.736523	8.445805	8.02516846824153
2.767889	8.552398	7.37123590066587
2.788322	8.442246	7.06010882583349
2.803445	8.308604	6.71533581168886
2.811533	8.089735	6.27107340662307
2.815985	7.914726	5.82399653668441
2.813969	7.926399	5.37804152533606
2.80791	7.620275	4.92398035996509
2.804073	7.211072	4.48986633551859
2.814595	7.178432	4.03701454053817
2.848264	7.084989	3.59346717091332
2.916114	6.829552	3.14186423335525
3.07848	5.70018	2.45503213809032
3.215585	5.52251	2.1071005882875
3.366041	5.685927	1.72396869750122
3.545636	5.659255	1.33574116534207
3.732871	5.31526	0.890653801476522
3.902743	5.404249	0.450673978454241

4.072513	5.389216	0
4.241825	5.440677	0
4.417654	5.257622	0
4.5768	5.146127	0
4.737516	5.182475	0
4.956696	5.279825	0
5.091468	5.403668	0
5.253595	5.566339	0.0197823409300764
5.396084	5.570281	0
5.529248	5.55298	0
5.643509	5.609513	0.0197823409300764
5.753365	5.65052	0
5.862038	5.744227	0
5.948177	5.725842	0
6.0164	5.701143	0
6.071539	5.576154	0
6.12183	5.389652	0
6.16383	5.202361	0.0197823409300764
6.196187	5.18255	0
6.217319	5.206803	0
6.225355	5.140947	0
6.227969	5.102654	0.0197823409300764
6.233632	5.104574	0
6.248209	5.115578	0
6.265443	5.143462	0
6.283068	5.189842	0
6.298464	5.224948	0
6.312767	5.261124	0
6.32521	5.269125	0
6.337225	5.305223	0
6.348632	5.317545	0
6.359648	5.329324	0
6.373106	5.375563	0.0197823409300764
6.391356	5.438191	0
6.412489	5.449674	0
6.434254	5.482836	0.0197823409300764
6.457313	5.502495	0.0197823409300764
6.481682	5.520451	0
6.503035	5.519493	0.0197823409300764
6.523869	5.528007	0
6.545624	5.552838	0.0197823409300764
6.563037	5.561443	0
6.573308	5.575345	0
6.581447	5.579632	0
6.588267	5.556366	0.0197823409300764
6.59505	5.554073	0
6.601945	5.551991	0
6.60999	5.542665	0
6.619802	5.547542	0
6.628506	5.529389	0
6.635603	5.496116	0
6.647356	5.496223	0.0197823409300764
6.666916	3.947196	0
6.694656	4.316111	0
6.724558	4.67374	0.0197823409300764
6.748315	6.004365	0
6.766107	6.138779	0
6.774247	6.168503	0
6.767759	6.221543	0
6.743809	6.3003	0
6.708791	6.363531	0.0197823409300764
6.668828	6.377935	0
6.626642	6.271511	0
6.590677	6.25307	0
6.557208	6.259871	0
6.531709	6.24824	0
6.511322	6.230235	0
6.494889	6.183962	0
6.484162	6.144812	0
6.480653	6.128103	0
6.484676	6.12199	0
6.496066	6.087275	0
6.517794	5.990114	0
6.542148	5.975698	0
6.569667	5.943034	0
6.598201	5.766874	0
6.631021	5.315039	0
6.665239	5.206916	0
6.702912	5.071186	0
6.746106	4.974491	0
6.783997	4.89701	0
6.820183	4.837602	0
6.853548	4.652822	0.0197823409300764
6.889912	4.623343	0
6.924273	4.579324	0
6.954377	4.559906	0.0197823409300764
6.979406	4.548422	0.0197823409300764
6.998576	4.534146	0
7.016407	4.528786	0
7.038459	4.514317	0
7.056385	4.509238	0
7.067857	4.513666	0.0197823409300764
7.071825	4.527272	0.0197823409300764
7.07224	4.514404	0
7.07077	4.509802	0
7.068356	4.504544	0
7.063331	4.499497	0
7.053493	4.497668	0
7.042137	4.497538	0
7.032994	4.479646	0
7.023644	4.447305	0.0197823409300764
7.014981	4.446336	0.0197823409300764
7.006027	4.429388	0.0197823409300764
6.996838	4.42576	0.0197823409300764
6.987496	4.372421	0.0197823409300764
6.983227	4.365921	0
6.98098	4.350687	0
6.977326	4.32042	0
6.971786	4.290716	0
6.967902	4.288478	0
6.969225	4.277687	0
6.976342	4.280524	0
6.98626	4.288524	0
6.995268	3.61162	0
6.99866	4.841569	0
6.994033	5.275852	0
6.98685	5.686341	0
6.982946	5.851663	0.0197823409300764
6.983564	5.900566	0
6.988394	5.904451	0
6.992294	5.955687	0
6.998155	5.974024	0
7.006279	6.044551	0
7.020571	6.082185	0
7.04002	6.082024	0
7.066691	6.079735	0.0197823409300764
7.09459	6.097058	0
7.122601	6.163861	0
7.150557	6.191883	0
7.173155	6.221196	0.0197823409300764
7.192002	6.252224	0.0197823409300764
7.211779	6.248052	0
7.228708	6.292921	0
7.245407	6.315376	0
7.258339	6.300705	0
7.268927	6.317145	0
7.276804	6.354959	0
7.28303	6.369383	0
7.28863	6.36729	0
7.295143	6.383774	0
7.302051	6.351658	0
7.310027	6.308884	0.0197823409300764
7.320406	6.318789	0
7.330263	6.337411	0
7.338396	6.334997	0
7.340427	6.335183	0.0197823409300764
7.338931	6.329764	0
7.333769	6.262595	0
7.330237	6.259244	0
7.32788	6.254042	0.0197823409300764
7.325578	6.210883	0
7.321908	6.200774	0
7.314427	6.192674	0
7.305328	6.169616	0.0197823409300764
7.298638	6.135585	0
7.293798	6.13111	0
7.290919	6.120997	0
7.287769	6.090816	0
7.286585	6.078413	0
7.288415	6.06039	0
7.297616	6.063623	0.0197823409300764
7.30898	6.065563	0
7.321747	6.069537	0
7.337781	6.076993	0
7.354981	6.078928	0
7.370491	6.087855	0
7.385835	6.101236	0
7.40022	6.109585	0
7.413492	6.113338	0.0197823409300764
7.430095	6.127944	0
7.450219	6.149978	0
7.46808	6.170823	0.0197823409300764
7.482649	6.181203	0.0197823409300764
7.492084	6.189982	0
7.499309	6.186593	0
7.501638	6.187322	0
7.49978	6.166977	0
7.492922	6.141046	0
7.486476	6.131494	0
7.483147	6.126888	0.0197823409300764
7.484432	6.141334	0
7.491874	6.185737	0
7.506345	6.197453	0
7.53067	6.244945	0.0197823409300764
7.563328	6.292048	0
0.03426402	0	0.506290448906224
0.06852804	0.05595291	0.920686143769365
0.1027921	0.09487279	1.35002202392312
0.1412742	0.1153499	1.8049355755727
0.174713	0.1519511	2.25333558124221
0.2055842	0.1440177	2.70168094539743
0.2390311	0.14537	3.15299808222253
0.2776587	0.1170339	3.8012240266493
0.3077414	0.1219466	4.18614702785427
0.3466151	0.1153499	4.53405936774971
0.3951527	0.09691329	4.94593386899247
0.4432315	0.07661668	5.3953940481053
0.4925778	0.09065409	5.83999454754077
0.5475121	0.1046783	6.29285829535244
0.6061952	0.3679734	6.73947412751426
0.675796	0.4284154	7.17889691658371
0.7566639	0.4768338	7.62161356443659
0.8572935	0.4476244	8.07800510501475
0.9926839	2.894959	8.69852011773244
1.095573	5.653815	9.0523879557989
1.254762	6.358507	9.38493877310213
1.477638	7.721233	9.83327410541684
1.630629	7.814745	10.3984304339673
1.82306	7.854805	10.7312083550643
2.049373	7.897495	11.1436937313613
2.269693	7.981583	11.5678826370008
2.49928	7.846579	12.0050676853053
2.756124	7.696614	12.4381238841861
3.011489	7.55767	12.876254059933
3.314934	7.633244	13.4831249157772
3.545857	7.511885	13.7891660609121
3.828275	8.212552	14.1489573806373
4.07972	7.99193	14.5685188330352
4.320193	7.77188	14.9955695879858
4.588683	7.839046	15.4135088704282
4.871098	19.22462	15.8378104741909
5.18255	17.67023	16.251071076972
5.5094	17.51946	16.6769282563448
5.85963	17.35472	17.0854982266333
6.173078	17.32564	17.501888763655
6.514393	9.204514	18.0601081812113
6.777257	9.058182	18.3773294924346
7.053131	9.127979	18.7254454573481
7.316814	9.087419	19.1423397208296
7.570383	8.978813	19.5347443406243
7.834036	9.298658	19.9408451974858
8.078832	9.494879	20.3333556852144
8.323905	9.37377	20.7303792205141
8.582565	9.164782	21.1372604265016
8.811846	8.919781	21.5247319420841
9.027654	8.87396	21.9158729768608
9.275529	8.781743	22.4786754514283
9.448954	8.982161	22.7662520336008
9.655958	8.996542	23.0655150696425
9.86452	9.07528	23.4519842549472
10.08861	9.233674	23.8370908174892
10.29755	9.761949	24.216541983302
10.51049	9.723807	24.5900525919829
10.72745	9.804477	24.9734379468247
10.96652	9.953863	25.339433639743
11.19019	10.18047	25.702565775803
11.41466	10.14185	26.0824335831623
11.70535	10.26217	26.6058787995136
11.8801	10.28421	26.8818696731088
12.10413	10.50442	27.1733582461951
12.33557	12.2384	27.526764192711
12.59401	12.92135	27.8779434975196
12.84632	13.16384	28.2294250382041
13.10457	13.19996	28.5910323345058
13.37866	13.21549	28.936523799186
13.62982	13.14372	29.287148151115
13.8803	13.00666	29.6273974455179
14.13252	12.95299	29.9774822124932
14.44823	12.92027	30.4418189707589
14.67092	12.85297	30.7077626359137
14.92526	13.0178	30.9892552269791
15.17903	13.17726	31.3233436906455
15.40314	13.0782	31.6634939473036
15.61866	12.977	31.9882045610796
15.83248	13.06474	32.3163746657292
16.06394	13.28057	32.6374038074797
16.28177	13.43254	32.9653553460721
16.49823	13.5656	33.2896322428284
16.7296	13.49516	33.6114434412522
16.99092	14.06437	34.0657876325917
17.16138	14.11885	34.3206322401558
17.37683	14.3428	34.554596959071
17.6034	14.44358	34.859366835225
17.80767	14.35945	35.1769979578055
18.00738	14.35518	35.4731925313102
18.22539	14.40349	35.7807764454502
18.43379	14.49126	36.0901566993726
18.64322	14.68718	36.3930824244191
18.85025	14.68869	36.6773036761046
19.06622	14.89833	36.9756292686667
19.28802	14.99978	37.3858094560796
19.45131	15.04023	37.6036959094143
19.65503	15.02374	37.8439102515267
19.84376	14.99269	38.1310548242268
20.03102	15.03605	38.410634962292
20.21967	15.10069	38.6942312516577
20.42456	16.37119	38.9741050878623
20.62346	16.30665	39.2562704525725
20.83275	16.08814	39.5267698539814
21.06629	16.00166	39.8074769732789
21.29085	15.96875	40.0860906395601
21.54948	15.96161	40.4587696726953
21.74472	15.87779	40.6516166521056
21.98594	15.89718	40.8756263701357
22.20541	16.02563	41.1397327143724
22.41448	15.90823	41.400871341364
22.6203	16.00788	41.6666408366919
22.79416	16.09627	41.92733550138
22.95572	16.10355	42.1774877689042
23.11556	16.05192	42.4362563202134
23.28891	16.37913	42.6858075310805
23.44865	16.21206	42.9333506662973
23.63254	16.22924	43.2921370944237
23.74598	16.77516	43.4757735635812
23.89445	18.27337	43.6728825811063
24.03238	18.26383	43.9142887912492
24.16557	18.26645	44.1569756618833
24.30766	18.24972	44.3931397017488
24.43909	18.23604	44.6267731564836
24.56606	18.38822	44.8643817813832
24.69725	18.48506	45.1048795763509
24.81657	18.49953	45.3288722189078
24.93005	18.55793	45.5584587864904
25.05654	18.54986	45.89323368418
25.12998	18.44477	46.0589306611764
25.22338	18.38613	46.2309353179789
25.31993	18.34874	46.4561164134717
25.42082	18.3996	46.6775374897622
25.51796	18.40651	46.8956971506684
25.61983	18.4578	47.1113193962546
25.72864	18.36626	47.3285262457554
25.85208	18.27849	47.5397566796304
25.97086	18.34893	47.7529576231145
26.09346	19.35541	47.9636655475092

26.24897	20.08053	48.1734684718233
26.36278	20.05921	48.1747559625038
26.49421	19.98787	48.1762688494307
26.62112	19.96987	48.1778705288184
26.74952	19.98871	48.1795541704776
26.8678	19.98357	48.1810807177831
26.98932	19.94819	48.1824911518708
27.11535	19.95447	48.1838093784031
27.25299	19.90202	48.1853632464658
27.3774	19.77387	48.1868385673516
27.49553	19.76114	48.1882319259661
27.62898	19.83756	48.1898438506377
27.723	19.80322	48.1909366809236
27.83356	19.78576	48.1921251338594
27.94201	19.68859	48.1934399452971
28.04558	19.65542	48.1948401341008
28.12501	19.69826	48.1958885681563
28.1877	19.71391	48.1970189644832
28.24108	19.73718	48.1981049645798
28.28053	19.8571	48.1989519080513
28.3088	19.90517	48.199863738321
28.32834	19.95549	48.2008302101051
28.3357	19.95872	48.2016976441445
28.34004	19.95566	48.2023977385464
28.34665	19.95487	48.202889512175
28.36264	19.94889	48.2032310216393
28.38133	19.93172	48.2037364556465
28.3982	19.91387	48.2040643047323
28.40831	19.90981	48.204641455727
28.40945	19.91338	48.2051332293556
28.40673	19.93771	48.2057377011075
28.40435	19.94466	48.2062636256825
28.40404	19.95118	48.2068544370558
28.40624	19.95155	48.2073940220094
28.41063	19.95053	48.2078345692184
28.41685	19.9529	48.2082375503863
28.42738	19.99399	48.2086917579739
28.44347	20.00538	48.2091083995204
28.46703	19.98205	48.2095796825811
28.493	19.96921	48.2104334562419
28.51723	19.93139	48.2111472110224
28.54182	19.80558	48.2118199846671
28.5702	19.77493	48.21246202246
28.59675	19.73925	48.2130596640226
28.62447	19.69415	48.2136436452066
28.65054	19.66195	48.2142890980942
28.67561	19.60842	48.2147842868175
28.69436	19.58271	48.2152043434586
28.70999	19.57219	48.2156619661408
28.72066	19.5495	48.2161332492015
28.72985	19.5316	48.2166420983034
28.73877	19.51888	48.2170280039981
28.74924	19.51162	48.2175402681946
28.76572	19.49187	48.2180354569178
28.78298	19.47158	47.9919698519125
28.8008	19.46285	47.792480513421
28.81645	19.4369	47.5903615520542
28.82706	19.4188	47.3753164574627
28.83099	19.41289	47.1687886089114
28.82945	19.39816	46.950707495182
28.8225	19.3886	46.7343305136796
28.80989	19.36833	46.5150950979608
28.79354	19.34602	46.2957572294027
28.77235	19.30408	46.0709073980903
28.74272	19.11646	45.8454018686065
28.69887	18.83476	45.6178472823367
28.61636	18.68906	45.2854595358027
28.5364	18.7254	45.098004990834
28.42064	18.68218	44.932352410068
28.28417	18.70094	44.6991970685832
28.10737	18.52619	44.4612845002604
27.9195	18.34648	44.2237441772537
27.70707	17.86179	43.9848070805379
27.47027	17.43539	43.7383260397552
27.20032	17.29243	43.4938906406637
26.93835	17.26107	43.2505958831831
26.66632	17.37233	42.9977286154174
26.3387	17.14958	42.6541735094
26.05355	17.09125	42.4646084359418
25.72547	17.16034	42.2470225109357
25.38756	17.33342	41.9855628650476
25.03075	17.28719	41.7354686541322
24.70748	17.26273	41.467462271813
24.38682	17.27288	41.2024919086316
24.03981	17.34739	40.9378698851038
23.71225	17.43107	40.664652068359
23.38863	17.62829	40.4024069507029
23.06857	17.7402	40.1323446814084
22.67473	17.87802	39.7318667778771
22.39108	17.88397	39.5413318175402
22.05501	18.00891	39.3112329857612
21.71865	18.14829	39.0321173005674
21.3607	18.10645	38.7416600860634
21.02423	18.36879	38.4644056274502
20.68326	18.30125	38.1769093000018
20.31268	18.30746	37.8916054633145
19.97188	18.52594	37.5982283428904
19.64603	18.71974	37.3060874867273
19.33286	18.67771	37.0092747810921
18.93203	18.83406	36.5796900259162
18.68283	18.91422	36.3495570431908
18.35797	19.10724	36.1186932302116
18.00621	19.09291	35.8179258449796
17.67248	19.13622	35.5131184027846
17.33418	19.27497	35.2075562246734
16.99263	19.41067	34.8935894986451
16.62659	19.30959	34.5816103576992
16.2879	19.35954	34.269969311123
15.951	19.30736	33.9586731891058
15.58749	19.30298	33.6389793493608
15.19349	19.27761	33.1802979878243
14.89393	19.38237	32.9406437212335
14.54599	19.39462	32.6708614896997
14.17894	19.35021	32.3413424226661
13.84308	19.47337	32.015819016365
13.50748	19.44789	31.68133440172
13.14914	19.4984	31.3483831645699
12.80978	19.69799	31.0183415880558
12.46738	19.61846	30.6749435763919
12.12413	19.69927	30.3317914515423
11.75943	19.86152	29.9807504580668
11.3542	19.91798	29.5059942460445
11.09446	19.93227	29.2357543918286
10.74316	19.56066	28.9508569514038
10.41847	19.74832	28.6028758827287
10.09362	19.58591	28.2466968793624
9.769318	19.75015	27.8852091113731
9.423019	19.87539	27.5305105515347
9.100815	19.83954	27.1708157082332
8.782125	19.82701	26.8006518923027
8.440455	19.23852	26.4413890584736
8.124631	19.47161	26.0698148084554
7.766903	19.51704	25.567647339279
7.497608	19.46545	25.2864450312582
7.155411	19.63238	24.9493307937379
6.832337	19.64845	24.583608308391
6.511322	19.46128	24.1966285664372
6.170505	19.42968	23.827936656298
5.859529	19.58886	23.4484564621807
5.555943	19.58003	23.0569619651084
5.257659	19.71737	22.6644139113387
4.935624	19.4662	22.2814281225701
4.630666	19.34809	21.8892967103469
4.277641	19.06104	21.3355937554563
3.990714	18.84587	21.0359584740985
3.680254	18.75455	20.720323474337
3.366623	18.8288	20.3049830789182
3.057743	18.89902	19.916398242482
2.745022	18.96515	19.5083046778962
2.477808	19.01943	19.0962632639027
2.236772	18.97988	18.6958075584866
2.013534	18.96342	18.2915508527324
1.841751	18.53764	17.8859264015737
1.710063	18.44469	17.4595620806464
1.614225	18.53671	16.8667836128476
1.594709	18.51582	16.5724946621538
1.624617	18.56036	16.2303004713517
1.705824	18.47548	15.8047045467192
1.842919	18.31123	15.388831396536
2.005645	18.23439	14.9661997740538
2.190799	17.27825	14.5417888872624
2.449045	16.88636	13.9152752608039
2.611495	16.88798	13.5651674419396
2.820778	16.13208	13.2527725132209
3.037895	16.04631	12.8290762349837
3.310265	16.08422	12.2236456953053
3.510228	15.99512	11.9102074551731
3.748417	16.00288	11.5507550835912
3.995814	15.82078	11.1113647379209
4.271914	15.60375	10.6549177020548
4.540362	15.30353	10.2386390093827
4.816498	15.42244	9.78926292697546
5.115079	15.32071	9.36424500711129
5.393432	15.30218	8.92493320861774
5.670464	14.86071	8.47676606971421
5.947387	14.95654	8.0364621862268
6.286998	14.89461	7.41238010715422
6.527775	14.95887	7.07587332959361
6.81276	14.83106	6.71185967222885
7.124693	14.82989	6.26744572233827
7.419472	14.82488	5.81439713252903
7.71541	14.65404	5.37694826816338
8.013419	14.66107	4.92652588613481
8.337363	14.67282	4.48270573582533
8.640088	14.3123	4.03138347635826
8.93934	13.99485	3.59057842773195
9.253319	13.41389	3.13362873262303
9.5791	13.22553	2.51341552889444
9.816723	13.12998	2.16672451222079
10.08534	13.01784	1.79493254991917
10.36665	12.67716	1.33089781408597
10.62786	12.5656	0.892190433983429
10.88998	12.25982	0.44718708678219
