0 (-0.2542369, 0, 9.5) 1.58621946768306
0.01978234 (-0.4308182, 0, 9.5) 2.68722420944226
0.03956468 (-0.6441098, 0, 9.5) 4.01522367539318
0.05934703 (-0.8607916, 0, 9.5) 5.36070607804003
0.09278741 (-1.206131, 0, 9.5) 7.49391719930942
0.1356209 (-1.282961, 0, 9.5) 7.96622051960419
0.1907741 (-1.499785, 0, 9.5) 9.29341509043638
0.2601963 (-1.726041, 0, 9.5) 10.6684483070314
0.3505445 (-1.931155, 0, 9.5) 11.905258983035
0.466462 (-2.143679, 0, 9.5) 13.1759081243114
0.6218109 (-2.364651, 0, 9.5) 14.48367934436
0.804056 (-2.576461, 0, 9.5) 15.7241305112534
1.039858 (-2.818366, 0, 9.5) 17.1232811262191
1.290891 (-2.999859, 0, 9.5) 18.1600953221767
1.56673 (-3.217835, 0, 9.5) 19.389997261717
1.87043 (-3.525697, 0, 9.5) 21.0972116116201
2.236597 (-3.647893, 0, 9.5) 21.7653817087635
2.621445 (-3.85816, 0, 9.5) 22.9003918285461
3.045169 (-4.078817, 0, 9.5) 24.0723959610519
3.500957 (-4.284974, 0, 9.5) 25.1491718869776
4.021851 (-4.51112, 0, 9.5) 26.3092675844624
4.543985 (-4.714771, 0, 9.5) 27.33576648705
5.102078 (-4.937648, 0, 9.5) 28.4386576417128
5.733265 (-5.144002, 0, 9.5) 29.4405063911654
6.347582 (-5.357744, 0, 9.5) 30.4583685194002
6.981514 (-5.578551, 0, 9.5) 31.4884327807954
7.634812 (-5.884642, 0, 9.5) 32.8810810555603
8.353975 (-5.998653, 0, 9.5) 33.389923327217
9.034768 (-6.21388, 0, 9.5) 34.3345931470575
9.719622 (-6.432488, 0, 9.5) 35.2722312870275
10.45978 (-6.642781, 0, 9.5) 36.1556855353875
11.15921 (-6.861464, 0, 9.5) 37.0531655774473
11.86986 (-7.077681, 0, 9.5) 37.9203844658732
12.64114 (-7.288043, 0, 9.5) 38.7468476148265
13.36705 (-7.503975, 0, 9.5) 39.5749534243031
14.09644 (-7.720792, 0, 9.5) 40.3885689872084
14.82307 (-7.93227, 0, 9.5) 41.164061848611
15.59326 (-8.27042, 0, 9.5) 42.3680432198089
16.30278 (-8.361684, 0, 9.5) 42.6861080594091
17.00442 (-8.580896, 0, 9.5) 43.4368141638909
17.75214 (-8.785839, 0, 9.5) 44.1240268287651
18.44853 (-9.005366, 0, 9.5) 44.842316854893
19.13871 (-9.212514, 0, 9.5) 45.5056716685895
19.81986 (-9.434692, 0, 9.5) 46.2010395794718
20.54394 (-9.642922, 0, 9.5) 46.8366672397596
21.22094 (-9.864644, 0, 9.5) 47.4976656381522
21.90126 (-10.0733, 0, 9.5) 48.1056481073028
22.58024 (-10.28816, 0, 9.5) 48.7172061805448
22.91749 (-10.62226, 0, 9.5) 49.6408048664363
23.95943 (-10.71298, 0, 9.5) 49.8874873978031
24.61314 (-10.92799, 0, 9.5) 50.4596694298083
25.31606 (-11.14177, 0, 9.5) 51.0166747812189
25.97605 (-11.35816, 0, 9.5) 51.566658698043
26.63882 (-11.5765, 0, 9.5) 52.1103929916699
27.30192 (-11.78972, 0, 9.5) 52.6283057546991
28.0135 (-12.00223, 0, 9.5) 53.1344774223448
28.67444 (-12.21998, 0, 9.5) 53.6391191275902
29.32325 (-12.42944, 0, 9.5) 54.117413377663
29.99644 (-12.64923, 0, 9.5) 54.6068032702316
30.60245 (-12.95534, 0, 9.5) 55.27114504628
31.18922 (-13.08384, 0, 9.5) 55.5457152405036
31.76344 (-13.28462, 0, 9.5) 55.9638799191924
32.36966 (-13.50838, 0, 9.5) 56.4203141484536
32.92142 (-13.71818, 0, 9.5) 56.8380621855959
33.45387 (-13.92961, 0, 9.5) 57.2503324109304
33.99994 (-14.14299, 0, 9.5) 57.6577258811144
34.48696 (-14.36025, 0, 9.5) 58.0652081437591
34.95073 (-14.58087, 0, 9.5) 58.4688996513498
35.41105 (-14.78574, 0, 9.5) 58.8377503633899
35.80062 (-14.78222, 0, 9.5) 58.8332492686501
36.14945 (-14.47061, 0, 9.5) 58.2765478606627
36.46035 (-14.35216, 0, 9.5) 58.0611236905658
36.76037 (-14.14368, 0, 9.5) 57.6732509013627
37.0204 (-13.92094, 0, 9.5) 57.2494444863232
37.27322 (-13.70171, 0, 9.5) 56.8231109012477
37.53045 (-13.49686, 0, 9.5) 56.4160077141084
37.8118 (-13.28408, 0, 9.5) 55.9841860719412
38.07642 (-13.06478, 0, 9.5) 55.5291349560105
38.33899 (-12.85748, 0, 9.5) 55.0890180489548
38.61092 (-12.63276, 0, 9.5) 54.6016430622257
38.85235 (-12.42691, 0, 9.5) 54.1448434178376
39.08221 (-12.11556, 0, 9.5) 53.4349647698161
39.30193 (-12.00153, 0, 9.5) 53.1692908971382
39.52365 (-11.78481, 0, 9.5) 52.6551518136898
39.70469 (-11.57331, 0, 9.5) 52.1412108057307
39.84097 (-11.35417, 0, 9.5) 51.596718361093
39.92612 (-11.14278, 0, 9.5) 51.0590902566883
39.95559 (-10.92839, 0, 9.5) 50.5011423391561
39.93812 (-10.70879, 0, 9.5) 49.9159283059922
39.86621 (-10.5004, 0, 9.5) 49.347335538457
39.71304 (-10.28421, 0, 9.5) 48.7439634470748
39.48463 (-10.06928, 0, 9.5) 48.1294786377234
39.17576 (-9.739244, 0, 9.5) 47.1580344758798
38.76708 (-9.644765, 0, 9.5) 46.8724301108638
38.32869 (-9.423296, 0, 9.5) 46.1943664845389
37.85008 (-9.209266, 0, 9.5) 45.5227027455754
37.29593 (-8.992061, 0, 9.5) 44.8249101174963
36.73148 (-8.786274, 0, 9.5) 44.1480383592019
36.11825 (-8.564813, 0, 9.5) 43.4035101609298
35.46021 (-8.3575, 0, 9.5) 42.6904315692275
34.72506 (-8.130651, 0, 9.5) 41.8910842717417
34.03502 (-7.924671, 0, 9.5) 41.1483319226841
33.35037 (-7.709909, 0, 9.5) 40.3566788334296
32.66067 (-7.376967, 0, 9.5) 39.093705117364
31.90124 (-7.285399, 0, 9.5) 38.7376473498575
31.17127 (-7.069709, 0, 9.5) 37.8875312554051
30.43266 (-6.858213, 0, 9.5) 37.0354719721006
29.64536 (-6.641078, 0, 9.5) 36.1415607039429
28.91355 (-6.428232, 0, 9.5) 35.2456140393779
28.17591 (-6.207758, 0, 9.5) 34.2973686154459
27.42271 (-5.989884, 0, 9.5) 33.3395814170807
26.59887 (-5.783216, 0, 9.5) 32.4118402213869
25.82578 (-5.573303, 0, 9.5) 31.4505730415802
25.06763 (-5.349779, 0, 9.5) 30.4056360430136
24.27314 (-5.045026, 0, 9.5) 28.9461270453229
23.5318 (-4.920837, 0, 9.5) 28.3404412273199
22.77717 (-4.709393, 0, 9.5) 27.2930692662726
22.01126 (-4.49379, 0, 9.5) 26.205341131826
21.19666 (-4.285896, 0, 9.5) 25.1377022916183
20.44977 (-4.06672, 0, 9.5) 23.9921019633469
19.70679 (-3.857294, 0, 9.5) 22.8793189870499
18.90374 (-3.638495, 0, 9.5) 21.6981692310895
18.15168 (-3.42626, 0, 9.5) 20.5344603634722
17.40586 (-3.200753, 0, 9.5) 19.2792867235717
16.67346 (-2.997684, 0, 9.5) 18.1333619613092
15.91089 (-2.693834, 0, 9.5) 16.3915287970074
15.22837 (-2.573909, 0, 9.5) 15.6961421031045
14.57337 (-2.357992, 0, 9.5) 14.4323846228182
13.88933 (-2.144243, 0, 9.5) 13.1679654679448
13.2581 (-1.928512, 0, 9.5) 11.8792069335489
12.64019 (-1.70324, 0, 9.5) 10.521322614705
12.04024 (-1.501903, 0, 9.5) 9.29823549652534
11.41758 (-1.283993, 0, 9.5) 7.96560409502108
10.84736 (-1.072892, 0, 9.5) 6.66700411163693
10.28134 (-0.8549045, 0, 9.5) 5.31960840221619
9.680421 (-0.6437377, 0, 9.5) 4.00951321026281
9.124556 (-0.3226556, 0, 9.5) 2.01119982150616
8.576339 (-0.2082567, 0, 9.5) 1.29829806767335

0 (0.2241789, 0, 9.5) 1.39787795860256
0.03426402 (0.430383, 0, 9.5) 2.68153658275732
0.06255726 (0.642464, 0, 9.5) 3.99816613142375
0.09278741 (0.8508807, 0, 9.5) 5.28720513046726
0.1266688 (1.061038, 0, 9.5) 6.58082121010641
0.1643245 (1.276985, 0, 9.5) 7.90234117430199
0.2102893 (1.504934, 0, 9.5) 9.28728072668342
0.2661444 (1.703974, 0, 9.5) 10.4871170267581
0.3403488 (1.926189, 0, 9.5) 11.8148306919761
0.4252063 (2.136456, 0, 9.5) 13.0586841469078
0.53008 (2.353035, 0, 9.5) 14.326043698269
0.6778198 (2.567329, 0, 9.5) 15.5651459027783
0.8534044 (2.875447, 0, 9.5) 17.31992739842
1.067896 (2.990376, 0, 9.5) 17.965749116218
1.341588 (3.20821, 0, 9.5) 19.1763233276247
1.641871 (3.420295, 0, 9.5) 20.3371891289515
1.990955 (3.6479, 0, 9.5) 21.5636332851655
2.387943 (3.847934, 0, 9.5) 22.6233269076856
2.866623 (4.062042, 0, 9.5) 23.7387412144052
3.368309 (4.278416, 0, 9.5) 24.8478290582982
3.921214 (4.492944, 0, 9.5) 25.926399616459
4.559864 (4.705164, 0, 9.5) 26.9748114738251
5.191012 (4.920613, 0, 9.5) 28.0195794252069
5.855949 (5.255874, 0, 9.5) 29.6031673490239
6.558045 (5.357455, 0, 9.5) 30.0743479569547
7.344382 (5.564526, 0, 9.5) 31.0190177767952
8.094878 (5.775861, 0, 9.5) 31.964459408025
8.852816 (5.995531, 0, 9.5) 32.9257129274531
9.614293 (6.205769, 0, 9.5) 33.8265124415062
10.4353 (6.425486, 0, 9.5) 34.7478093536082
11.20353 (6.641034, 0, 9.5) 35.6325818285005
11.97003 (6.856413, 0, 9.5) 36.496597358151
12.78642 (7.060676, 0, 9.5) 37.3000325239248
13.53819 (7.28281, 0, 9.5) 38.1554385999797
14.27548 (7.584835, 0, 9.5) 39.2847045305723
15.05871 (7.70857, 0, 9.5) 39.7407050428138
15.79628 (7.921782, 0, 9.5) 40.506475129767
16.54177 (8.161006, 0, 9.5) 41.3439553740394
17.28672 (8.349316, 0, 9.5) 41.9903747333999
18.07444 (8.564034, 0, 9.5) 42.7110314201156
18.80421 (8.777412, 0, 9.5) 43.4099066331966
19.53709 (8.99145, 0, 9.5) 44.0954219960332
20.32908 (9.204588, 0, 9.5) 44.7624002251461
21.07027 (9.420147, 0, 9.5) 45.421308585617
21.8097 (9.637231, 0, 9.5) 46.0698418885616
22.54341 (9.938444, 0, 9.5) 46.9439148719366
23.329 (10.06641, 0, 9.5) 47.3084557345369
24.0638 (10.27609, 0, 9.5) 47.8934136356026
24.79528 (10.49341, 0, 9.5) 48.485669593921
25.56357 (10.70582, 0, 9.5) 49.0519742480452
26.25113 (10.93799, 0, 9.5) 49.6574568679169
26.95162 (11.13522, 0, 9.5) 50.1602168560139
27.53689 (11.36068, 0, 9.5) 50.7211803021161
28.19424 (11.56618, 0, 9.5) 51.2214199503664
28.78538 (11.78736, 0, 9.5) 51.7472386574948
29.34216 (11.99611, 0, 9.5) 52.2333910403416
29.88727 (12.30827, 0, 9.5) 52.939595046527
30.35217 (12.42218, 0, 9.5) 53.1935790502411
30.79101 (12.64363, 0, 9.5) 53.675346451566
31.24063 (12.84804, 0, 9.5) 54.1113481695765
31.63396 (13.06244, 0, 9.5) 54.5587323980331
31.99701 (13.27687, 0, 9.5) 54.9964177577028
32.33294 (13.49012, 0, 9.5) 55.4225840031408
32.67444 (13.71047, 0, 9.5) 55.8529747206524
32.98371 (13.92115, 0, 9.5) 56.2560173602609
33.28552 (14.14517, 0, 9.5) 56.6756744353088
33.58444 (14.35243, 0, 9.5) 57.0552246388663
33.89947 (14.69192, 0, 9.5) 57.6592626737039
34.18703 (14.77341, 0, 9.5) 57.8033796676495
34.46771 (14.99543, 0, 9.5) 58.1850233242233
34.743 (14.79162, 0, 9.5) 57.8392586519716
35.02821 (14.57196, 0, 9.5) 57.4577925803193
35.2828 (14.36112, 0, 9.5) 57.0835869998785
35.52283 (14.11776, 0, 9.5) 56.6421108851548
35.76048 (13.93091, 0, 9.5) 56.2971555903336
35.96105 (13.70798, 0, 9.5) 55.8740151187496
36.13793 (13.50438, 0, 9.5) 55.4801112724065
36.29612 (13.28677, 0, 9.5) 55.0481564415482
36.45832 (12.96672, 0, 9.5) 54.3973657610443
36.61259 (12.86219, 0, 9.5) 54.1799471756757
36.76438 (12.64758, 0, 9.5) 53.725490286213
36.90277 (12.43248, 0, 9.5) 53.2612115845562
36.98952 (12.21473, 0, 9.5) 52.7782386548222
37.0254 (12.00365, 0, 9.5) 52.3002995745924
37.00167 (11.78768, 0, 9.5) 51.8021841152102
36.89849 (11.57516, 0, 9.5) 51.2975116741129
36.72806 (11.34932, 0, 9.5) 50.7496553612516
36.48691 (11.14851, 0, 9.5) 50.2526088264927
36.14954 (10.92932, 0, 9.5) 49.6975022677038
35.76274 (10.60854, 0, 9.5) 48.8616920047119
35.31843 (10.50171, 0, 9.5) 48.5767604133407
34.82593 (10.29029, 0, 9.5) 48.0028776642031
34.2496 (10.07054, 0, 9.5) 47.3928563835505
33.65763 (9.860185, 0, 9.5) 46.7957202549869
33.00903 (9.640877, 0, 9.5) 46.1570941416023
32.25815 (9.431722, 0, 9.5) 45.5341057465893
31.51921 (9.208029, 0, 9.5) 44.8508989877316
30.75176 (9.004663, 0, 9.5) 44.2153157236741
29.89617 (8.790321, 0, 9.5) 43.530476549577
29.05461 (8.574306, 0, 9.5) 42.8228621093039
27.76142 (8.269871, 0, 9.5) 41.7982278483914
27.22543 (8.056773, 0, 9.5) 41.0594882355397
26.21689 (7.932515, 0, 9.5) 40.6159972149764
25.28308 (7.719578, 0, 9.5) 39.8491650335892
24.35029 (7.503419, 0, 9.5) 39.0520921891358
23.33203 (7.287516, 0, 9.5) 38.2374589280269
22.3751 (7.075315, 0, 9.5) 37.4201072515818
21.44893 (6.858128, 0, 9.5) 36.5640625528287
20.57336 (6.647235, 0, 9.5) 35.7137552130762
19.68017 (6.425715, 0, 9.5) 34.8013853583717
18.8636 (6.206843, 0, 9.5) 33.880392389693
18.04729 (5.872303, 0, 9.5) 32.433522657277
17.18237 (5.793502, 0, 9.5) 32.0835471733302
16.40393 (5.567089, 0, 9.5) 31.0689771963314
15.66812 (5.358599, 0, 9.5) 30.1148373190452
14.97011 (5.135378, 0, 9.5) 29.0718537546146
14.23958 (4.934254, 0, 9.5) 28.1132879146707
13.56214 (4.713169, 0, 9.5) 27.0394728758006
12.8882 (4.504116, 0, 9.5) 26.0053275763067
12.17455 (4.288905, 0, 9.5) 24.9206627817551
11.5163 (4.069224, 0, 9.5) 23.7929917003608
10.85248 (3.856883, 0, 9.5) 22.6833386583044
10.17612 (3.517135, 0, 9.5) 20.8706900914799
9.447352 (3.435643, 0, 9.5) 20.4282697030873
8.778903 (3.216657, 0, 9.5) 19.2287894266291
8.127844 (3.004671, 0, 9.5) 18.050322227511
7.451377 (2.790575, 0, 9.5) 16.8427208559912
6.836957 (2.576629, 0, 9.5) 15.6207555964018
6.239008 (2.358996, 0, 9.5) 14.3615111636866
5.664239 (2.147346, 0, 9.5) 13.1228409686497
5.080952 (1.929908, 0, 9.5) 11.836727425055
4.568875 (1.719984, 0, 9.5) 10.581877365372
4.083942 (1.501957, 0, 9.5) 9.26728278622614
3.632756 (1.19178, 0, 9.5) 7.37950982121283
3.195308 (1.071168, 0, 9.5) 6.6403300880389
2.848469 (0.8610067, 0, 9.5) 5.34712723485159
2.574203 (0.640986, 0, 9.5) 3.98678660918557
2.366537 (0.4342516, 0, 9.5) 2.70392594323854
2.246115 (0.2105189, 0, 9.5) 1.31194243799026
2.196063 (0.0006978959, 0, 9.5) 0

0.02797646 (0, 0.2366717, 9.5) 1.47511907513994
0.05595291 (0, 0.4259578, 9.5) 2.65276782548248
0.09891172 (0, 0.6454153, 9.5) 4.01415048190153
0.1384764 (0, 0.8554082, 9.5) 5.31160896990118
0.1769387 (0, 1.06987, 9.5) 6.63010358712966
0.2093567 (0, 1.283187, 9.5) 7.93355257802041
0.2525642 (0, 1.499291, 9.5) 9.24464924647793
0.3189811 (0, 1.729585, 9.5) 10.630083133809
0.4205793 (0, 1.931569, 9.5) 11.83404657576
0.5403171 (0, 2.264829, 9.5) 13.7952398067352
0.6731851 (0, 2.353844, 9.5) 14.3133395461961
0.8395343 (0, 2.570321, 9.5) 15.5625623836807
1.028696 (0, 2.782574, 9.5) 16.7721513402828
1.251952 (0, 3.006731, 9.5) 18.0315204239525
1.509865 (0, 3.212858, 9.5) 19.1735468556797
1.815961 (0, 3.433998, 9.5) 20.3804208120405
2.12274 (0, 3.641986, 9.5) 21.4978807604515
2.448486 (0, 3.864154, 9.5) 22.671619761036
2.816194 (0, 4.071839, 9.5) 23.7504532814843
3.177552 (0, 4.28953, 9.5) 24.8609105783292
3.547127 (0, 4.597874, 9.5) 26.3993304603945
3.919666 (0, 4.720275, 9.5) 26.9981724287323
4.318878 (0, 4.927159, 9.5) 27.9956976683666
4.688847 (0, 5.142532, 9.5) 29.0146543344346
5.061247 (0, 5.356482, 9.5) 30.006988630211
5.481477 (0, 5.570329, 9.5) 30.9783576599725
5.899702 (0, 5.783266, 9.5) 31.9265040461598
6.337349 (0, 6.004077, 9.5) 32.8870028296718
6.781366 (0, 6.214761, 9.5) 33.784288211337
7.254094 (0, 6.428378, 9.5) 34.6751634603568
7.696283 (0, 6.652005, 9.5) 35.5869629942558
8.14688 (0, 6.953956, 9.5) 36.7855826668638
8.642384 (0, 7.071917, 9.5) 37.2435263679574
9.104247 (0, 7.284294, 9.5) 38.0528320814229
9.555779 (0, 7.502084, 9.5) 38.8641117195922
9.997589 (0, 7.714351, 9.5) 39.6376716374266
10.47638 (0, 7.932902, 9.5) 40.4149198574758
10.93308 (0, 8.144961, 9.5) 41.1525461494739
11.39472 (0, 8.365143, 9.5) 41.9005440839036
11.88985 (0, 8.57006, 9.5) 42.5807626349484
12.35508 (0, 8.793683, 9.5) 43.3064975673986
12.82074 (0, 8.998929, 9.5) 43.9566667006774
13.28035 (0, 9.317543, 9.5) 44.9384517691009
13.77172 (0, 9.426438, 9.5) 45.2662701190022
14.23514 (0, 9.644554, 9.5) 45.9117298367679
14.70292 (0, 9.868448, 9.5) 46.5580160074373
15.19703 (0, 10.0716, 9.5) 47.1306351715569
15.6396 (0, 10.29115, 9.5) 47.7353528102285
16.06314 (0, 10.49688, 9.5) 48.2897046331013
16.46988 (0, 10.71239, 9.5) 48.8576485326543
16.89364 (0, 10.92787, 9.5) 49.413140997138
17.28656 (0, 11.14518, 9.5) 49.960109385392
17.68361 (0, 11.36439, 9.5) 50.4992947729541
18.10643 (0, 11.6899, 9.5) 51.2772294270266
18.48635 (0, 11.78068, 9.5) 51.4889413892463
18.8494 (0, 12.00802, 9.5) 52.0120041149975
19.20225 (0, 12.21287, 9.5) 52.4727789295503
19.56775 (0, 12.43756, 9.5) 52.9665196526945
19.89182 (0, 12.643, 9.5) 53.4081562768665
20.19503 (0, 12.86224, 9.5) 53.8695219027925
20.49539 (0, 13.06963, 9.5) 54.2972078653468
20.75646 (0, 13.29491, 9.5) 54.7512446981684
21.00083 (0, 13.50047, 9.5) 55.1562373568181
21.22724 (0, 13.7147, 9.5) 55.568896902942
21.45186 (0, 14.03827, 9.5) 56.1771594098533
21.64768 (0, 14.14068, 9.5) 56.3655770115114
21.83807 (0, 14.35999, 9.5) 56.7628174053209
22.04542 (0, 14.57043, 9.5) 57.1350661365311
22.2476 (0, 14.78327, 9.5) 57.5039988108426
22.45991 (0, 14.78325, 9.5) 57.5035206975926
22.68646 (0, 14.56619, 9.5) 57.1264361923675
22.95028 (0, 14.35338, 9.5) 56.7490238380568
23.21157 (0, 14.12941, 9.5) 56.3432730283962
23.47738 (0, 13.9285, 9.5) 55.9716219387486
23.76033 (0, 13.70204, 9.5) 55.5435978818247
24.0179 (0, 13.38326, 9.5) 54.9237582040728
24.26136 (0, 13.28552, 9.5) 54.7295759226569
24.49748 (0, 13.07236, 9.5) 54.2995472051774
24.75294 (0, 12.84946, 9.5) 53.8399813341283
24.99347 (0, 12.64273, 9.5) 53.4035663896659
25.22561 (0, 12.42836, 9.5) 52.9413162542273
25.45006 (0, 12.21382, 9.5) 52.4681173253623
25.62853 (0, 11.98932, 9.5) 51.9615290161701
25.77522 (0, 11.78235, 9.5) 51.4837948416189
25.88735 (0, 11.57231, 9.5) 50.9883363258692
25.96288 (0, 11.35012, 9.5) 50.4522176932967
25.98992 (0, 11.03732, 9.5) 49.6764413790388
25.97687 (0, 10.92482, 9.5) 49.3902257120817
25.92459 (0, 10.71238, 9.5) 48.8410170217416
25.84849 (0, 10.49565, 9.5) 48.2674416311219
25.75115 (0, 10.28256, 9.5) 47.6902120892339
25.62877 (0, 10.05809, 9.5) 47.0685487509424
25.46261 (0, 9.852386, 9.5) 46.4854964726877
25.27297 (0, 9.628185, 9.5) 45.8349277733356
25.04619 (0, 9.426776, 9.5) 45.2378292108131
24.76894 (0, 9.213802, 9.5) 44.590965889149
24.48136 (0, 8.999764, 9.5) 43.9261118489042
24.16787 (0, 8.686256, 9.5) 42.9237337597819
23.8244 (0, 8.567619, 9.5) 42.5352394233537
23.42782 (0, 8.35511, 9.5) 41.8278025680021
23.0365 (0, 8.139083, 9.5) 41.0913476534666
22.63662 (0, 7.92721, 9.5) 40.3524304556934
22.20313 (0, 7.711128, 9.5) 39.5815684626271
21.78682 (0, 7.498096, 9.5) 38.8040470350065
21.34657 (0, 7.280822, 9.5) 37.9925078496443
20.87799 (0, 7.068101, 9.5) 37.1803744378142
20.35616 (0, 6.849649, 9.5) 36.3262456071559
19.87256 (0, 6.637115, 9.5) 35.4766998335088
19.15137 (0, 6.197392, 9.5) 33.6599719361329
18.86555 (0, 6.110399, 9.5) 33.2903494127035
18.33059 (0, 5.99848, 9.5) 32.8106105775966
17.74993 (0, 5.783532, 9.5) 31.8755132680412
17.15346 (0, 5.562597, 9.5) 30.8928334448213
16.53141 (0, 5.357424, 9.5) 29.9611307393413
15.97415 (0, 5.141964, 9.5) 28.9624102165819
15.41585 (0, 4.926003, 9.5) 27.9408785691529
14.79728 (0, 4.712056, 9.5) 26.9101125058085
14.22087 (0, 4.498819, 9.5) 25.8622914598157
13.67949 (0, 4.270654, 9.5) 24.719206348749
13.19046 (0, 3.95685, 9.5) 23.1101725547451
12.71041 (0, 3.855843, 9.5) 22.5837698664327
12.28244 (0, 3.63993, 9.5) 21.4439615386763
11.84676 (0, 3.426971, 9.5) 20.3028571825028
11.37617 (0, 3.211071, 9.5) 19.1268147005814
10.96058 (0, 3.001726, 9.5) 17.96953474863
10.58175 (0, 2.778275, 9.5) 16.7156195711056
10.23014 (0, 2.571423, 9.5) 15.5389572495064
9.854748 (0, 2.345284, 9.5) 14.2362907421758
9.481642 (0, 2.140455, 9.5) 13.042410367159
9.099454 (0, 1.925379, 9.5) 11.7751011884437
8.708112 (0, 1.579472, 9.5) 9.71027178787682
8.36619 (0, 1.492513, 9.5) 9.18694695361172
8.037097 (0, 1.287804, 9.5) 7.94724881508721
7.702783 (0, 1.070596, 9.5) 6.62267532939373
7.328979 (0, 0.8576262, 9.5) 5.31584966367445
6.983564 (0, 0.6434569, 9.5) 3.99503022076757
6.653489 (0, 0.4263619, 9.5) 2.65070105289307
6.309847 (0, 0.2123096, 9.5) 1.32115796416339

0 (0, -0.2309848, 9.5) 1.44102917352407
0.01978234 (0, -0.4305841, 9.5) 2.68598559730383
0.03956468 (0, -0.6430565, 9.5) 4.00936678807998
0.05934703 (0, -0.860744, 9.5) 5.36191246022276
0.07401875 (0, -1.073736, 9.5) 6.68058039350438
0.08622923 (0, -1.290374, 9.5) 8.01562327871362
0.1027921 (0, -1.501522, 9.5) 9.30947371922266
0.1219466 (0, -1.730495, 9.5) 10.7029271025497
0.1506579 (0, -1.926054, 9.5) 11.8840674669999
0.1876719 (0, -2.155576, 9.5) 13.2584168108926
0.234068 (0, -2.358199, 9.5) 14.4600793328278
0.2947506 (0, -2.572672, 9.5) 15.7189378598483
0.3820612 (0, -2.913908, 9.5) 17.6917594880837
0.4841639 (0, -3.000466, 9.5) 18.186068824486
0.6065179 (0, -3.214847, 9.5) 19.3987381964564
0.7661725 (0, -3.429697, 9.5) 20.5970692935671
0.9524438 (0, -3.643873, 9.5) 21.7742677850253
1.184651 (0, -3.86754, 9.5) 22.9840684774953
1.459113 (0, -4.073349, 9.5) 24.0805409617761
1.797874 (0, -4.283046, 9.5) 25.1791769085133
2.150677 (0, -4.508278, 9.5) 26.3385708040489
2.541065 (0, -4.715509, 9.5) 27.385915444339
2.999048 (0, -4.932513, 9.5) 28.4631165495478
3.459438 (0, -5.240426, 9.5) 29.9559944369978
3.951807 (0, -5.358306, 9.5) 30.5169817887625
4.461552 (0, -5.570848, 9.5) 31.5127448395608
5.015713 (0, -5.797295, 9.5) 32.5522313470767
5.538845 (0, -5.997475, 9.5) 33.4521702572798
6.072281 (0, -6.21878, 9.5) 34.4271353817006
6.626494 (0, -6.428136, 9.5) 35.3299258959307
7.248926 (0, -6.640747, 9.5) 36.2283450890175
7.846879 (0, -6.859078, 9.5) 37.1303193956279
8.447967 (0, -7.071295, 9.5) 37.9882048303938
9.087483 (0, -7.287399, 9.5) 38.8427298120307
9.683752 (0, -7.61039, 9.5) 40.0843386960081
10.29012 (0, -7.717061, 9.5) 40.4868998072719
10.91389 (0, -7.926414, 9.5) 41.2615184044457
11.58395 (0, -8.146709, 9.5) 42.0585605130473
12.19453 (0, -8.355894, 9.5) 42.797942163692
12.79156 (0, -8.575509, 9.5) 43.5577221746409
13.42922 (0, -8.786789, 9.5) 44.2709988418325
14.02449 (0, -9.007102, 9.5) 44.9969933214756
14.60235 (0, -9.21463, 9.5) 45.6669563433068
15.18936 (0, -9.431766, 9.5) 46.3534381779274
15.71265 (0, -9.643207, 9.5) 47.0051645943635
16.2312 (0, -9.991618, 9.5) 48.044425705633
16.75845 (0, -10.06811, 9.5) 48.2705493672473
17.33219 (0, -10.28711, 9.5) 48.9006138383612
17.8482 (0, -10.49846, 9.5) 49.4952125516048
18.33697 (0, -10.71398, 9.5) 50.0881378684733
18.79785 (0, -10.92807, 9.5) 50.6624782402931
19.27547 (0, -11.14117, 9.5) 51.2236226864113
19.71948 (0, -11.35604, 9.5) 51.7749282448623
20.168 (0, -11.57028, 9.5) 52.3116411039027
20.64495 (0, -11.81044, 9.5) 52.8976610994024
21.07455 (0, -12.00216, 9.5) 53.3553145174513
21.4823 (0, -12.32736, 9.5) 54.1110442261533
21.9031 (0, -12.42681, 9.5) 54.3399375295232
22.29352 (0, -12.64997, 9.5) 54.8397537060378
22.68756 (0, -12.85448, 9.5) 55.2878380288962
23.06525 (0, -13.07518, 9.5) 55.760961825679
23.43857 (0, -13.28571, 9.5) 56.2031585253725
23.76345 (0, -13.50877, 9.5) 56.6617613397322
24.07203 (0, -13.71424, 9.5) 57.0747931311722
24.366 (0, -13.93518, 9.5) 57.5097020188969
24.67131 (0, -14.14091, 9.5) 57.9066043183367
24.95438 (0, -14.3667, 9.5) 58.3316401674478
25.24572 (0, -14.66815, 9.5) 58.8829798768452
25.55736 (0, -14.79863, 9.5) 59.1189560865053
25.83118 (0, -14.99817, 9.5) 59.471134306497
26.085 (0, -14.78567, 9.5) 59.1022972548355
26.32487 (0, -14.56956, 9.5) 58.7196905415723
26.58649 (0, -14.35639, 9.5) 58.3334501676087
26.82879 (0, -14.1431, 9.5) 57.938624245712
27.05281 (0, -13.92834, 9.5) 57.5319001340781
27.27139 (0, -13.70976, 9.5) 57.1092070398923
27.46032 (0, -13.4992, 9.5) 56.6928933425001
27.64444 (0, -13.27992, 9.5) 56.2490539822833
27.82715 (0, -12.98217, 9.5) 55.6286610591991
28.01781 (0, -12.85126, 9.5) 55.3517959213752
28.18179 (0, -12.64235, 9.5) 54.8996544660806
28.33405 (0, -12.41797, 9.5) 54.402625006795
28.48269 (0, -12.21433, 9.5) 53.9418536073368
28.60214 (0, -11.99318, 9.5) 53.4291420334493
28.69044 (0, -11.78388, 9.5) 52.9333044421942
28.73254 (0, -11.56775, 9.5) 52.4087390747999
28.72039 (0, -11.35683, 9.5) 51.8849147829432
28.65939 (0, -11.13263, 9.5) 51.3142968642846
28.55906 (0, -10.92501, 9.5) 50.7730794954097
28.41205 (0, -10.59237, 9.5) 49.8791818876307
28.23652 (0, -10.50106, 9.5) 49.6286471295063
28.01606 (0, -10.28232, 9.5) 49.0170207543714
27.73907 (0, -10.07102, 9.5) 48.4127402478141
27.38511 (0, -9.85645, 9.5) 47.7832973239253
27.02142 (0, -9.64024, 9.5) 47.1337019265466
26.63783 (0, -9.427541, 9.5) 46.4787994720922
26.189 (0, -9.208906, 9.5) 45.7902412599285
25.71822 (0, -8.998171, 9.5) 45.1107228032855
25.21001 (0, -8.776863, 9.5) 44.3800052477508
24.68077 (0, -8.56792, 9.5) 43.6719946564991
24.1077 (0, -8.238061, 9.5) 42.5233651392791
24.0693 (0, -8.145576, 9.5) 42.1945939779723
23.00793 (0, -7.926506, 9.5) 41.3981734165958
22.38346 (0, -7.714509, 9.5) 40.6101949691775
21.77962 (0, -7.493618, 9.5) 39.7706690832138
21.16275 (0, -7.286185, 9.5) 38.9644472002112
20.54497 (0, -7.062214, 9.5) 38.0748150456415
19.883 (0, -6.857217, 9.5) 37.2409308960285
19.27133 (0, -6.642346, 9.5) 36.3490003827639
18.64479 (0, -6.426977, 9.5) 35.4351278864164
17.96297 (0, -6.211985, 9.5) 34.5027728978596
17.3333 (0, -5.871915, 9.5) 32.9891892915874
16.71969 (0, -5.788708, 9.5) 32.6095058993389
16.11999 (0, -5.569049, 9.5) 31.5961995073582
15.48235 (0, -5.356661, 9.5) 30.5960753807004
14.89255 (0, -5.13506, 9.5) 29.5316142860583
14.29887 (0, -4.927763, 9.5) 28.5159890448148
13.65739 (0, -4.708956, 9.5) 27.4239117873399
13.0515 (0, -4.494915, 9.5) 26.3360607094861
12.44196 (0, -4.27447, 9.5) 25.1952910325876
11.83496 (0, -4.07185, 9.5) 24.128555484913
11.19183 (0, -3.852169, 9.5) 22.9532540785292
10.60165 (0, -3.542157, 9.5) 21.2624560885763
10.02358 (0, -3.420744, 9.5) 20.5890591890813
9.394317 (0, -3.210872, 9.5) 19.4133855373814
8.796429 (0, -2.976526, 9.5) 18.0821474944916
8.209682 (0, -2.770388, 9.5) 16.8953730776537
7.663548 (0, -2.569688, 9.5) 15.7265620586394
7.123096 (0, -2.357424, 9.5) 14.4771104098137
6.636046 (0, -2.143972, 9.5) 13.2079024384768
6.147969 (0, -1.925831, 9.5) 11.8983869588391
5.640314 (0, -1.713336, 9.5) 10.6118507972823
5.190747 (0, -1.497426, 9.5) 9.29491687830575
4.770276 (0, -1.191613, 9.5) 7.41537087628806
4.374302 (0, -1.066956, 9.5) 6.64481752240015
3.96635 (0, -0.8567067, 9.5) 5.34129724140871
3.598096 (0, -0.6388839, 9.5) 3.98634435442927
3.245884 (0, -0.4279366, 9.5) 2.67122427759516
2.88907 (0, -0.2035785, 9.5) 1.27087784589577
2.57709 (0, -0.001722753, 9.5) 0
