0	0.08392937	0.08392937	1.05924816611262
0	0.09487279	0.09487279	1.9012514897966
0	0.1570175	0.1570175	2.64885434046472
0.01978234	0.1643245	0.1841069	3.53795224616612
0.04423466	0.2139789	0.2582135	4.40219786781825
0.08622923	0.2365626	0.3227918	5.27418081327152
0.1467098	0.2556444	0.4023542	6.17910960363517
0.2478722	0.2690692	0.5169414	7.06491429088338
0.4224361	0.4374548	0.8598909	7.86052504794257
0.6731851	0.4228991	1.096084	8.72681417685186
1.016833	0.1083524	1.125186	9.5902371875818
1.480152	0.4177785	1.89793	10.5031099149725
2.156402	1.897542	4.053945	11.7592431964677
2.640342	4.59636	7.236702	12.4123954149174
3.289679	6.764512	10.05419	13.015461855329
4.146427	6.140663	10.28709	13.7960995568116
5.033494	5.671225	10.70472	14.6189119695912
5.966341	4.988256	10.9546	15.4515854681532
6.971167	4.336935	11.3081	16.2602696343936
7.903061	4.317744	12.22081	17.0743701407383
8.85723	3.62801	12.48524	17.9257481126614
9.859794	2.618905	12.4787	18.7111959749491
10.97094	2.274172	13.24511	19.4344788694455
12.23139	5.624446	17.85583	20.605940001903
13.03743	5.718066	18.7555	21.1698523822296
14.11624	4.640174	18.75642	21.7739723793386
15.09473	4.462517	19.55724	22.5111034826134
16.03778	3.742928	19.78071	23.2953406938501
16.93725	3.347085	20.28433	23.9937821899113
17.85175	3.121862	20.97361	24.7605631448789
18.66714	3.372491	22.03963	25.4899027097251
19.45609	2.793372	22.24947	26.1667693453776
20.24923	2.672103	22.92133	26.8345945179621
21.13222	2.331458	23.46368	27.572581102445
22.22087	2.168079	24.38895	28.5822248054209
22.81239	1.66906	24.48145	29.0981124173266
23.66304	1.553686	25.21673	29.5851493096861
24.40606	1.542181	25.94824	30.2568711052585
25.11102	1.658946	26.76997	30.9097688991572
25.79098	1.768018	27.559	31.5581587681269
26.49379	1.633267	28.12705	32.2101925430809
27.12823	1.725897	28.85413	32.8213442200604
27.74814	1.950436	29.69857	33.4218510470369
28.40963	2.089285	30.49891	34.0537630843528
29.02629	1.456159	30.48245	34.6717073845778
29.80066	2.843379	32.64404	35.5053627228497
30.31509	2.652177	32.96727	35.914217853541
31.00961	2.538676	33.54829	36.4095295202211
31.64406	2.283277	33.92734	36.9953958364619
32.28516	2.218232	34.50339	37.5475551685737
32.98505	2.178076	35.16313	38.1082898033348
33.64309	1.75658	35.39967	38.6416797752872
34.28872	1.380835	35.66956	39.1710194449928
34.91818	1.297846	36.21602	39.7167174180396
35.57109	1.130212	36.70131	40.2610254475665
36.16069	1.23337	37.39406	40.7377316786301
36.85968	1.173198	38.03288	41.4848416884525
37.35287	1.145347	38.49821	41.8502294945244
37.94141	1.109064	39.05048	42.2669154372327
38.54797	1.073014	39.62098	42.718906628363
39.17119	0.8593453	40.03054	43.208293105837
39.85911	0.7548515	40.61396	43.6806758270822
40.5242	0.5801346	41.10433	44.1352522448575
41.21513	0.9416999	42.15683	44.6062689282454
41.98575	1.179354	43.16511	45.0582464589972
42.72715	1.437222	44.16437	45.5140079146137
43.46574	1.783667	45.24941	45.9507985194868
44.66847	1.17952	45.84799	46.7438927786808
45.18033	0.9013549	46.08169	47.0825779597369
45.62117	0.9514161	46.57258	47.3781065897862
46.1198	0.9377435	47.05755	47.6635162944075
46.70294	1.51904	48.22198	48.0273058361863
47.20858	1.836963	49.04555	48.404048831947
47.67394	1.63614	49.31008	48.7927685646216
48.12193	1.559594	49.68152	49.1879018450363
48.48812	1.522128	50.01025	49.5935058056272
48.80785	1.631709	50.43956	49.954221762227
49.08876	1.295582	50.38435	50.328550286075
49.40491	1.084442	50.48936	50.8551988612016
49.57736	1.023929	50.60129	51.121528432051
49.77683	1.088045	50.86488	51.3841867761589
49.95601	1.127091	51.0831	51.7429014872978
50.13521	1.065327	51.20053	52.0810300079271
50.29121	0.9717657	51.26298	52.4168738302401
50.43877	0.6262009	51.06497	52.7658862574975
50.59095	0.5016313	51.09258	53.0771311530951
50.73639	0.4714689	51.20786	53.4280082220277
50.89308	0.564406	51.45749	53.7189025686461
51.06667	0.6623429	51.72902	54.0458773901706
51.31043	0.6661724	51.9766	54.4775077870378
51.50747	0.6431577	52.15063	54.6958416177708
51.76376	0.6570037	52.42077	54.9635474717614
52.06581	0.699975	52.76578	55.2462080251949
52.36952	0.6507192	53.02024	55.5482116746878
52.68676	0.8254311	53.5122	55.8363841908755
53.00492	1.023547	54.02847	56.1240068768256
53.33337	1.026792	54.36016	56.3996015994422
53.62252	0.9831765	54.6057	56.6853767191903
53.89146	0.9272513	54.81871	56.9526078750255
54.15896	1.113994	55.27295	57.2192345591089
54.42391	1.088045	55.51196	57.6036444423437
54.60997	1.171529	55.78149	57.7946916668771
54.81189	1.240173	56.05206	57.9971657980868
55.00414	1.289223	56.29337	58.258939632682
55.14872	1.294071	56.44279	58.5076746359294
55.25434	1.514136	56.76848	58.7481314497614
55.32704	1.524698	56.85173	58.9809043006461
55.36028	1.686092	57.04637	59.2256299827822
55.36613	2.369429	57.73557	59.4601240413672
55.35133	2.638563	57.98989	59.6905336467587
55.33405	2.728572	58.06262	59.931830573873
55.32716	2.852865	58.18002	60.2412927900668
55.33592	3.071158	58.40708	60.4035985780825
55.36605	3.102172	58.46823	60.6009637277058
55.41264	3.358879	58.77152	60.824331407943
55.4735	3.661372	59.13487	61.0316822943033
55.54673	3.805086	59.35182	61.2407817091209
55.6349	3.913916	59.54882	61.4596619549968
55.72141	4.097107	59.81852	61.6651072185462
55.80795	4.881463	60.68941	61.8650131985841
55.89156	4.988099	60.87965	62.0724938585408
55.9585	5.098967	61.05746	62.2770307069151
56.02409	5.284128	61.30821	62.5544798259229
56.0663	5.318908	61.38521	62.6934878382822
56.11484	5.504453	61.61929	62.8646660421811
56.16195	5.753672	61.91563	63.0407210012305
56.21712	5.977174	62.1943	63.2303612067708
56.28786	6.150775	62.43864	63.4186763555896
56.35574	6.204093	62.55983	63.5979824847394
56.41468	6.486187	62.90086	63.7738052173531
56.46096	7.282868	63.74383	63.9540470824351
56.50248	7.403507	63.90599	64.1423690614431
56.54114	7.543193	64.08434	64.3084314535664
56.59432	7.810373	64.40469	64.5569000794315
56.63573	7.801649	64.43739	64.6792424299317
56.68605	8.068424	64.75448	64.8091799509185
56.73711	8.381057	65.11816	64.97210045597
56.78991	8.448851	65.23876	65.1438114146332
56.84757	8.640316	65.48788	65.3024425608127
56.89822	8.696013	65.59424	65.4565521216845
56.94195	8.731067	65.67301	65.4603906880635
56.97932	8.754838	65.73416	65.4605409522278
57.00756	8.862508	65.87006	65.4601857823849
57.03118	8.871901	65.90308	65.4602540842778
57.05939	9.640349	66.69974	65.4599194050027
57.07846	10.25319	67.33166	65.4601243106813
57.0984	10.35001	67.44841	65.4589904992598
57.11195	10.41611	67.52805	65.4584099331704
57.11893	10.51811	67.63704	65.4575151783739
57.12605	10.53781	67.66385	65.4568663103917
57.13793	10.66079	67.79872	65.4567228764166
57.15622	10.76066	67.91688	65.4562447631666
57.17977	10.77042	67.9502	65.4559032537023
57.20626	10.76275	67.96901	65.4556778574558
57.23499	10.76364	67.99863	65.4552885366665
57.26282	10.76168	68.02451	65.454537215845
57.28336	10.69167	67.97503	65.4539634799449
57.298	10.54395	67.84195	65.4536219704806
57.30425	10.33561	67.63986	65.4532668006377
57.30177	10.26451	67.56628	65.4534921968841
57.29874	10.18615	67.48489	65.4536014799127
57.29797	9.892249	67.19022	65.4533282723413
57.29723	9.860652	67.15788	65.4530004232555
57.29344	9.861729	67.15517	65.4527477062519
57.2869	9.845744	67.13264	65.4520783477018
57.28274	9.818385	67.10112	65.4520441967554
57.28108	9.807805	67.08889	65.4519007627804
57.28299	9.807003	67.08999	65.4515046118018
57.28442	9.805199	67.08961	65.4513065363124
57.28341	9.807023	67.09044	65.4509172155231
57.28236	9.806702	67.08906	65.4509581966588
57.28061	9.644958	66.92557	65.4507464607909
57.2748	9.413065	66.68786	65.4504595928409
57.26464	9.359962	66.6246	65.4503708003802
57.2573	9.358955	66.61626	65.4508215928731
57.25381	9.370435	66.62424	65.4506644985195
57.25103	9.308756	66.55979	65.4507054796552
57.2424	9.299166	66.54157	65.4508625740088
57.22837	9.312218	66.54059	65.4507123098445
57.213	9.332162	66.54516	65.4510128381731
57.19864	9.36731	66.56595	65.4507328004124
57.18303	9.387598	66.57063	65.4504664230302
57.16169	9.427462	66.58916	65.450008800348
57.13292	9.447831	66.58075	65.450247856973
57.1048	9.46552	66.57033	65.4499746494016
57.0769	9.498522	66.57542	65.4497151022087
57.04789	9.477161	66.52505	65.4491072153622
57.01733	9.493223	66.51055	65.4485812907871
56.98925	9.527554	66.5168	65.4483968756764
56.9585	9.585522	66.54402	65.4481236681049
56.92323	9.602221	66.52544	65.4478709511013
56.88968	9.633311	66.52299	65.4478846114799
56.86028	9.745399	66.60567	65.4473518567155
56.83915	9.766419	66.60557	65.4478231397763
56.82512	9.775716	66.60084	65.4481919699978
56.81766	9.787154	66.60481	65.4481373284835
56.81513	9.794264	66.60939	65.4484241964335
56.8118	9.79623	66.60803	65.4482397813228
56.8071	9.798599	66.6057	65.4483149134049
56.80272	9.808587	66.61131	65.4480690265906
56.79655	9.811995	66.60854	65.4482807624585
56.78747	9.821448	66.60892	65.4478982718585
56.77467	9.808847	66.58352	65.4482602718906
56.7613	9.820027	66.58133	65.4482602718906
56.75038	9.861051	66.61143	65.4485198190835
56.74762	9.836792	66.58441	65.4487178945728
56.74859	9.828593	66.57719	65.44864959268
56.74908	9.821749	66.57083	65.4486086115443
56.74664	9.824351	66.57099	65.4486086115443
56.74179	9.828314	66.57011	65.4485334794621
56.73636	9.810051	66.54641	65.4485676304085
56.73386	9.810091	66.54395	65.44874521533
56.73263	9.812015	66.54465	65.4487178945728
56.73433	9.798177	66.53251	65.4491072153622
56.7372	9.79599	66.53319	65.4491208757407
56.74067	9.753446	66.49412	65.4495989889908
56.74426	9.720633	66.46489	65.4496604606944
56.74816	9.694506	66.44267	65.4497492531551
56.75004	9.667192	66.41723	65.4500361211051
56.74873	9.671481	66.42021	65.4505210645445
56.74314	9.679324	66.42247	65.4501385739444
56.73616	9.68909	66.42525	65.4507259702231
56.72981	9.733205	66.46301	65.4508079324945
56.72836	9.726679	66.45504	65.4509718570374
56.73	9.726658	66.45667	65.4508967249552
56.73341	9.724374	66.45779	65.4506303475731
56.73701	9.719317	66.45632	65.4505961966266
56.74187	9.712924	66.45479	65.4504732532195
56.74642	9.704904	66.45132	65.4503639701909
56.74791	9.690652	66.43857	65.4502205362159
56.74601	9.684625	66.43064	65.4508147626838
56.74134	9.680766	66.4221	65.4508011023052
56.73445	9.650745	66.38519	65.451320196691
56.72684	9.655755	66.38259	65.4512792155553
56.71931	9.656263	66.37557	65.4517368382375
56.71203	9.650419	66.36245	65.4520237061875
56.70037	9.650378	66.35075	65.4518666118339
56.68308	9.660783	66.34386	65.4519554042947
56.6619	9.676643	66.33855	65.4519144231589
56.64207	9.681294	66.32337	65.4518324608875
56.62799	9.707294	66.33528	65.4518051401303
56.61724	9.70857	66.32581	65.4517163476696
56.60755	9.719682	66.32723	65.4514977816125
56.59839	9.679873	66.27826	65.4516343853982
56.59233	9.670017	66.26234	65.4515455929375
56.58897	9.671278	66.26025	65.4517231778589
56.586	9.668859	66.25486	65.451559253316
56.58481	9.653087	66.2379	65.451511441991
56.58515	9.638637	66.22379	65.4511904230946
56.58552	9.63127	66.21679	65.4512518947981
56.58297	9.5744	66.15737	65.4510948004446
56.57858	9.549461	66.12804	65.4514294797196
56.57248	9.555593	66.12807	65.4516753665339
56.56518	9.554009	66.11919	65.4515319325589
56.55983	9.53368	66.09351	65.4516685363446
56.55288	9.53974	66.09262	65.4515797438839
56.54547	9.531309	66.07677	65.451368008016
56.5393	9.535618	66.07492	65.4514499702875
56.53407	9.543242	66.07731	65.451511441991
56.53085	9.540998	66.07185	65.451559253316
56.52789	9.510848	66.03873	65.4517641589946
56.52422	9.51306	66.03728	65.4518461212661
56.51979	9.523055	66.04284	65.4520851778911
56.51289	9.545035	66.05792	65.452392536409
56.50491	9.556602	66.06152	65.4523720458411
56.49665	9.567909	66.06456	65.4524540081126
56.48783	9.582916	66.07076	65.4525428005733
56.48055	9.589417	66.06996	65.4526930647376
56.47567	9.589499	66.06517	65.4529662723091
56.47375	9.601198	66.07494	65.4532599704484
56.47431	9.599355	66.07367	65.4533829138555
56.47849	9.599252	66.07774	65.4536356308591
56.48713	9.589766	66.07689	65.4537175931306
56.49642	9.584435	66.08086	65.4537380836984
56.50394	9.5815	66.08543	65.4537380836984
56.50615	9.571361	66.07751	65.453751744077
56.50203	9.541574	66.04361	65.4535331780198
56.49498	9.535845	66.03083	65.4537175931306
56.4835	9.541718	66.02522	65.4536766119949
56.46971	9.556376	66.02608	65.4540181214592
56.45539	9.564333	66.01972	65.4543323101664
56.44272	9.574564	66.01728	65.4542161969485
56.43591	9.58708	66.02299	65.45439378187
56.43086	9.594357	66.02522	65.4543528007342
56.42274	9.608362	66.03111	65.4543459705449
56.41238	9.637127	66.0495	65.4544689139521
56.40311	9.645671	66.04878	65.454919706445
56.39789	9.653352	66.05124	65.455015329095
56.39783	9.654105	66.05193	65.4554524612094
56.40236	9.672152	66.07451	65.4556368763201
56.40853	9.680239	66.08877	65.4559100838916
56.41121	9.68032	66.09153	65.4562447631666
56.40671	9.68635	66.09306	65.456278914113
56.39578	9.698845	66.09463	65.4563130650595
56.3812	9.710494	66.09169	65.4562857443023
56.36801	9.729751	66.09776	65.4562994046809
56.35599	9.755844	66.11183	65.4563198952488
56.34493	9.762836	66.10777	65.456231102788
56.3322	9.796752	66.12895	65.456135480138
56.31887	9.858278	66.17715	65.4563472160059
56.30777	9.953863	66.26163	65.4565657820631
56.30212	10.08715	66.38927	65.4568868009595
56.30037	10.09775	66.39812	65.4569892537988
56.30322	10.0868	66.39001	65.4571736689096
56.30641	10.08442	66.39083	65.4572761217489
56.30824	10.08276	66.391	65.4574058953453
56.30567	10.08301	66.38868	65.4573854047774
56.30071	10.08879	66.3895	65.4573649142096
56.29411	10.10157	66.39568	65.4573922349667
56.28558	10.15048	66.43607	65.4574605368596
56.27527	10.16156	66.43683	65.4574605368596
56.26146	10.17871	66.44018	65.4574263859132
56.2448	10.19634	66.44114	65.4573444236417
56.22609	10.22349	66.44958	65.4571873292881
56.20887	10.2478	66.45667	65.4569277820952
56.18828	10.28363	66.47191	65.4568458198238
56.16476	10.34779	66.51255	65.4570985368274
56.14408	10.40401	66.54809	65.4570234047453
56.12873	10.45098	66.5797	65.4569824236095
56.11789	10.45559	66.57348	65.4568936311488
56.10999	10.43832	66.5483	65.4567023858488
56.10456	10.44542	66.54999	65.4566204235773
56.10227	22.94498	79.04725	65.4564838197916
56.10142	22.92897	79.03039	65.4562925744916
56.10063	22.9227	79.02333	65.4561286499487
56.09978	22.91682	79.0166	65.4558144612415
56.09803	22.91594	79.01397	65.4556505366987
56.09766	22.91758	79.01524	65.4553295178022
56.09838	22.92017	79.01855	65.4550904611772
56.10078	22.92471	79.02549	65.45487189512
56.10228	22.92836	79.03064	65.4546738196307
56.10089	22.92944	79.03033	65.4544279328164
56.09605	22.92894	79.02499	65.4540727629735
56.08833	22.92364	79.01197	65.4540727629735
56.08045	22.92088	79.00133	65.4540727629735
56.07575	22.9105	78.98625	65.4540864233521
56.0709	22.89922	78.97012	65.4539156686199
56.06773	22.8914	78.95914	65.4540181214592
56.07143	22.88844	78.95987	65.4542161969485
56.08226	10.67286	66.75512	65.4542435177056
56.09697	10.53603	66.633	65.4541683856235
56.10984	10.42241	66.53225	65.4540864233521
56.11738	10.20648	66.32386	65.4539703101342
56.12058	10.13758	66.25816	65.4539566497556
56.1228	10.08233	66.20513	65.4540181214592
56.1229	10.05972	66.18262	65.4539020082413
56.12238	10.11814	66.24052	65.4539361591877
56.1214	10.11779	66.23919	65.4539703101342
56.12298	10.09573	66.2187	65.4541410648663
56.12705	10.04929	66.17634	65.4540659327842
56.13657	10.03517	66.17175	65.4541205742985
56.15486	10.02482	66.17967	65.4542093667592
56.17722	9.993339	66.17056	65.4543391403557
56.20321	9.861151	66.06436	65.45448940452
56.23323	9.832314	66.06554	65.4548992158771
56.26926	9.808207	66.07747	65.4552612159093
56.30706	9.765251	66.07231	65.4555549140486
56.348	9.704114	66.05211	65.4558895933237
56.39337	9.676318	66.06969	65.456087668813
56.43084	9.61971	66.05054	65.4561081593809
56.46072	9.539266	65.99998	65.456183291463
56.48014	9.480521	65.96066	65.4560261971094
56.48731	9.469049	65.95636	65.455800800863
56.48113	9.466599	65.94772	65.4559852159737
56.46587	9.57095	66.03682	65.4560057065416
56.44415	9.588003	66.03216	65.4561013291916
56.41544	9.633189	66.04862	65.4560330272987
56.38739	9.693897	66.08128	65.4557734801058
56.36309	9.748606	66.11169	65.4554592913986
56.34746	9.807124	66.15458	65.4553295178022
56.34457	9.833754	66.17832	65.4552134045843
56.35159	9.855106	66.2067	65.4552680460986


0	0	0	0.990710738438708
0.01978234	0.03426402	0.05404636	1.78344758663388
0.03426402	0.03956468	0.0738287	2.62234061287151
0.05595291	0.6227542	0.6787071	3.51156679806545
0.09891172	2.082247	2.181159	4.36677351797053
0.1643245	2.246202	2.410526	5.63770739276279
0.2211734	2.58043	2.801604	6.2574898676795
0.2914124	2.925564	3.216976	7.00608330923758
0.365305	3.074535	3.43984	7.90554453307736
0.4361108	3.236884	3.672995	8.75503993407842
0.5116726	3.332664	3.844337	9.59851537699707
0.5928131	3.829145	4.421958	10.4061656233342
0.6895542	3.798493	4.488047	11.2573062461797
0.7942618	3.750715	4.544977	12.1111644305875
0.9213235	3.750506	4.671829	12.9348024424971
1.078108	6.719452	7.797561	13.8022270903753
1.316261	11.52856	12.84482	14.9793137374839
1.541547	12.18845	13.73	15.6852957625175
1.812509	12.46372	14.27623	16.2676957576954
2.19428	12.67474	14.86902	17.0429837134194
2.640046	12.22587	14.86592	17.8411271900434
3.197146	11.71522	14.91237	18.6304511847511
3.871408	11.42322	15.29463	19.4229785382343
4.69106	10.5074	15.19846	20.2220850715477
5.507407	9.604821	15.11223	20.9880515264429
6.35462	9.069389	15.42401	21.7290843753476
7.282329	8.67557	15.9579	22.5341861073072
8.282022	12.79965	21.08167	23.5732388978035
9.030155	15.08455	24.1147	24.1317127399107
9.894714	14.86806	24.76277	24.7209702451323
10.80125	14.54417	25.34542	25.438956327837
11.62775	14.26005	25.88779	26.1458604284243
12.44207	14.29212	26.73419	26.854115198943
13.3056	13.44218	26.74778	27.563385960118
14.10223	13.15558	27.25781	28.3002933746937
14.88684	12.78804	27.67487	28.9511301589753
15.65565	12.44508	28.10073	29.6478675228096
16.47132	11.86885	28.34017	30.2789940883575
17.85383	11.43597	29.2898	31.2933625747723
18.47468	11.19297	29.66765	32.0916238721615
19.15499	10.80791	29.9629	32.6235351081334
19.72106	10.63678	30.35784	33.0836986207451
20.45813	10.3132	30.77134	33.5254001317152
21.2578	9.866872	31.12468	34.0941055973736
22.12211	9.080173	31.20228	34.701927557076
22.92681	8.913523	31.84033	35.3035340445276
23.71951	8.692828	32.41234	35.8675403399569
24.55923	8.040199	32.59943	36.4515556749011
25.34843	7.645292	32.99373	37.0120205171853
26.27134	7.64868	33.92002	37.8060095311758
26.98126	7.233618	34.21488	38.2249870023897
27.87461	7.094065	34.96868	38.6803796277847
28.70367	6.902966	35.60664	39.2421558664119
29.52454	10.64281	40.16735	39.7588357802749
30.39121	9.65944	40.05066	40.3053806967932
31.17911	9.284105	40.46322	40.8167364781073
31.9375	8.661522	40.59902	41.3096848992943
32.66789	8.180526	40.84842	41.8245923790374
33.43353	7.418889	40.85242	42.3020123648815
34.1404	7.21469	41.35509	42.8057319945733
34.98954	6.878315	41.86786	43.4908204705794
35.5755	7.014785	42.59029	43.8521955404454
36.2402	6.817106	43.0573	44.2266367624165
36.88218	6.311587	43.19377	44.6864211995228
37.49892	5.839994	43.33891	45.1281671067233
38.13161	5.59496	43.72657	45.5558940504133
38.70001	5.531232	44.23124	46.0122224117405
39.24772	5.29968	44.5474	46.4391775440411
39.81358	5.057569	44.87114	46.8575471284085
40.32062	5.057956	45.37858	47.27123461802
40.81098	5.113777	45.92476	47.6974315993098
41.42637	5.17661	46.60298	48.2907633124407
41.79896	4.954957	46.75391	48.57394296026
42.26814	4.831848	47.09999	48.8927796112495
42.73144	4.660183	47.39162	49.2743413055519
43.22208	4.711769	47.93385	49.6489464520659
43.67184	4.472207	48.14405	50.035258543017
44.11238	4.450827	48.56321	50.4065988590521
44.5477	4.340004	48.88771	50.7685852308592
45.00654	4.301247	49.30779	51.1281400552804
45.42729	4.094621	49.52191	51.5014747865871
45.83677	4.073041	49.90981	51.8491553269336
46.34681	3.97015	50.31696	52.347345918398
46.6511	5.253409	51.90451	52.5860234679209
47.03102	5.026989	52.05801	52.8460726797213
47.39752	5.022466	52.41999	53.1801235773466
47.78086	5.108334	52.88919	53.5029797947313
48.13494	5.151645	53.28658	53.8292272010967
48.48281	5.218568	53.70138	54.1333311337952
48.84565	5.098928	53.94458	54.4408296705691
49.17362	4.89541	54.06903	54.7626852652233
49.49577	4.879858	54.37562	55.0611542917605
49.81816	4.7352	54.55336	55.3529092422289
50.21273	4.477941	54.69067	55.7782422045739
50.49531	4.25823	54.75354	55.9837113737858
50.82602	4.147607	54.97363	56.2082231107284
51.18099	4.044478	55.22547	56.4969249665859
51.51381	3.913866	55.42768	56.774619972408
51.85094	3.752542	55.60349	57.0414720527378
52.18981	3.674611	55.86442	57.3244604552571
52.55453	3.478853	56.03338	57.5862137992845
52.89764	3.403926	56.30157	57.8456448789545
53.23452	3.315938	56.55045	58.0921327499266
53.57991	3.0944	56.67431	58.3560580941471
53.9275	2.961938	56.88943	58.7071844649887
54.17123	3.309615	57.48085	58.8805756502164
54.43576	3.33824	57.774	59.101450311364
54.69783	3.438377	58.13621	59.33899746456
54.92848	3.317886	58.24637	59.5805949200029
55.14775	3.254678	58.40242	59.813497544484
55.36859	3.18635	58.55494	60.0475271501974
55.56219	3.146659	58.70885	60.2747129062458
55.74926	3.156225	58.90549	60.4953826617148
55.93473	3.320599	59.25533	60.7278891352173
56.13249	3.302212	59.4347	60.9499522493008
56.33905	3.331606	59.67066	61.2530282385116
56.49743	3.45706	59.95449	61.4059971577726
56.69997	3.407088	60.10706	61.5871269474619
56.88699	3.812335	60.69933	61.7996824380585
57.06416	4.074003	61.13817	62.0123881928194
57.22644	4.143686	61.37013	62.2125810408074
57.38616	4.332326	61.71848	62.40334822758
57.5295	4.371974	61.90148	62.6047226983146
57.6707	4.465063	62.13577	62.8140816603251
57.82496	4.393602	62.21857	62.995225110393
57.97492	4.333185	62.3081	63.1831441082331
58.15768	4.297056	62.45473	63.4479778676288
58.30419	4.165511	62.4697	63.5823823324089
58.49826	3.997529	62.49579	63.7397772143276
58.68261	3.903897	62.58651	63.925367117621
58.86191	3.751498	62.61341	64.1005956237668
59.03953	3.674504	62.71403	64.2782966584342
59.18946	3.6921	62.88156	64.4508955417047
59.3259	4.223362	63.54927	64.6273603121113
59.45257	4.592267	64.04484	64.8024248937142
59.5797	4.660267	64.23997	64.9680706442909
59.69246	4.610402	64.30286	65.1429576409724
59.82284	4.606194	64.42904	65.3754846050427
59.91393	4.654042	64.56797	65.4970073328286
60.02389	4.718665	64.74255	65.6181544002036
60.13137	4.645828	64.77719	65.6260364386403
60.23024	4.619994	64.85023	65.6270473066547
60.31879	4.59636	64.91515	65.6277849670976
60.38807	4.595678	64.98375	65.6278600991798
60.4491	4.641272	65.09037	65.6280650048584
60.50748	4.857889	65.36536	65.6290075709799
60.55801	4.920319	65.47833	65.6297110804764
60.60831	5.078715	65.68703	65.6305443635694
60.68312	5.810789	66.4939	65.6311864013623
60.72955	5.883432	66.61298	65.6314732693124
60.78732	5.895414	66.68273	65.6318557599124
60.85168	5.851763	66.70345	65.6320879863481
60.92036	5.916191	66.83656	65.6313571560945
60.97818	5.713676	66.69186	65.6317806278302
61.02721	5.192144	66.21936	65.6322587410803
61.0649	5.01497	66.07986	65.6331466656875
61.09705	4.950725	66.04777	65.6336384393162
61.12164	4.906163	66.02781	65.6341643638912
61.13852	4.86973	66.00825	65.6346219865734
61.14401	4.869489	66.0135	65.634874703577
61.13966	4.873872	66.01353	65.6351888922842
61.12971	4.885996	66.0157	65.6354620998557
61.11943	4.910913	66.03035	65.6357831187521
61.10707	4.948785	66.05586	65.6360699867022
61.09951	4.976696	66.0762	65.6362612320022
61.08947	5.001043	66.09051	65.6363363640844
61.07771	5.017002	66.0947	65.6365344395737
61.06431	5.027223	66.09153	65.6366437226022
61.04629	5.024415	66.07071	65.6367256848737
61.02385	5.034349	66.0582	65.6366505527915
60.99766	5.018876	66.01654	65.6366778735487
60.96563	5.047525	66.01316	65.6366505527915
60.92214	5.090391	66.01253	65.6365480999522
60.86424	5.121204	65.98544	65.6365139490058
60.80924	5.182625	65.99187	65.6362817225701
60.76358	5.272471	66.03606	65.6363568546522
60.72578	5.294279	66.02006	65.6361792697308
60.68938	5.420216	66.1096	65.635851420645
60.65907	5.462819	66.12189	65.6356396847771
60.63175	5.48162	66.11337	65.635564552695
60.59889	5.521445	66.12034	65.6357831187521
60.56087	5.570809	66.13168	65.6358309300771
60.51457	5.663201	66.17777	65.6359060621593
60.46373	5.721527	66.18526	65.6357148168593
60.40926	5.805389	66.21465	65.6352845149342
60.35457	5.884032	66.2386	65.6352708545557
60.28913	5.922748	66.21188	65.6352093828521
60.21068	6.066468	66.27715	65.6348064016842
60.14045	6.254481	66.39494	65.6345741752484
60.07876	16.72827	76.80704	65.6342394959734
60.02363	32.14341	92.16704	65.6339662884019
59.97132	10.74281	70.71413	65.6338228544269
59.93208	10.7568	70.68888	65.6334267034483
59.90364	10.76174	70.66538	65.6332559487161
59.87937	10.75759	70.63696	65.6329280996304
59.85945	10.75027	70.60972	65.632490967516
59.8385	10.73742	70.57592	65.6321221372946
59.81864	10.73031	70.54895	65.6316508542338
59.80146	10.72741	70.52888	65.6310156466301
59.7871	10.7262	70.5133	65.630653646598
59.76777	10.72552	70.49329	65.6303053069444
59.73111	10.73383	70.46494	65.6299364767229
59.681	10.75373	70.43472	65.6297384012336
59.62141	10.76818	70.38958	65.629533495555
59.56123	10.79747	70.3587	65.6292193068478
59.50177	10.82866	70.33043	65.6290212313585
59.45065	10.83983	70.29048	65.6288641370049
59.3991	6.669121	66.06822	65.6289870804121
59.34541	6.729019	66.07442	65.6289529294656
59.30071	6.762628	66.06334	65.6289187785192
59.26294	6.788361	66.05131	65.6291441747656
59.2312	6.835093	66.0663	65.6291441747656
59.20185	6.852546	66.05439	65.6291031936299
59.18049	6.870212	66.0507	65.6288504766263
59.16665	6.901403	66.06805	65.6288299860585
59.15708	6.838478	65.99556	65.6288777973835
59.14771	6.648594	65.7963	65.6289119483299
59.13988	6.663267	65.80315	65.6289460992763
59.13871	6.668974	65.80769	65.6287890049227
59.14312	6.648594	65.79172	65.6286182501906
59.1448	6.650836	65.79564	65.628843646437
59.13882	6.741976	65.88079	65.6298613446407
59.12393	6.94862	66.07255	65.6305990050837
59.10398	6.974514	66.07849	65.6308653824658
59.08303	7.070632	66.15366	65.6309610051159
59.05971	7.108981	66.16869	65.6311180994694
59.02607	7.209412	66.23549	65.6314254579873
58.98354	7.410209	66.39375	65.6318352693445
58.93671	7.577327	66.51403	65.6321221372946
58.8929	7.719937	66.61284	65.6321153071053
58.8634	7.741592	66.60499	65.6320470052124
58.84272	7.769708	66.61243	65.6318557599124
58.81938	7.890807	66.71018	65.6314732693124
58.78257	7.908871	66.69144	65.6318489297231
58.74023	7.943938	66.68417	65.6320196844553
58.69915	8.012316	66.71146	65.6320060240767
58.66256	8.114717	66.77728	65.6323816844875
58.63233	8.175292	66.80762	65.6326958731946
58.60317	8.245717	66.84888	65.6329964015232
58.57734	8.342449	66.91979	65.6333447411769
58.55997	8.388341	66.94832	65.633467684584
58.55433	8.440059	66.99438	65.6341848544591
58.55301	8.455867	67.00888	65.6347859111163
58.54664	8.46246	67.0091	65.6351410809592
58.52514	8.480588	67.00573	65.6369988924451
58.49617	8.533546	67.02971	65.6384947038989
58.47496	8.60777	67.08273	65.6392528549097
58.47451	8.635699	67.11021	65.6399836851634
58.49272	8.649244	67.14197	65.6402568927348
58.51844	8.585059	67.1035	65.6411038362063
58.54505	8.582794	67.12784	65.6419166287314
58.57072	8.539252	67.10998	65.6422854589529
58.60629	8.543253	67.14954	65.6424220627386
58.6595	8.521847	67.18134	65.6432485156423
58.7384	8.489637	67.22803	65.6439451949495
58.81691	8.491927	67.30883	65.6449970440997
58.88648	8.580621	67.4671	65.6448809308818
58.95052	8.597701	67.54823	65.6445189308496
59.00532	8.614841	67.62016	65.6451336478854
59.05583	8.45726	67.51309	65.6451541384533
59.10056	8.46587	67.56644	65.6448194591782
59.13172	8.471088	67.60281	65.6441774213853
59.14197	8.465986	67.60796	65.6428045533387
59.13361	8.495118	67.62872	65.6416980626743
59.1119	8.566073	67.67797	65.640810138067
59.08224	8.584785	67.66702	65.6398880625134
59.04512	8.459976	67.5051	65.6384195718167
59.00782	8.476048	67.48386	65.6365617603308
58.98062	8.506877	67.4875	65.6333584015554
58.9781	8.452754	67.43085	65.6296632691514
58.99409	8.424129	67.41821	65.6279898727762
59.00832	8.320342	67.32866	65.6265691934046
59.0037	8.206118	67.20982	65.6243220611294
58.98269	8.173394	67.15609	65.6207567023218
58.9613	8.150253	67.11156	65.616877154807
58.95824	8.150397	67.10863	65.6139606639817
58.97297	8.155985	67.12895	65.6122121355243
58.98771	8.119071	67.10678	65.6089336446668
58.9967	8.093641	67.09035	65.6051292292342
59.00582	8.073653	67.07948	65.6028411158232
59.02303	8.064408	67.08743	65.6003412665444
59.04809	8.039515	67.08761	65.5990776815264
59.06683	8.021523	67.08836	65.5977867757512
59.06842	8.038564	67.10699	65.5956079453688
59.06238	8.081698	67.14408	65.5940984735365
59.06246	8.121344	67.1838	65.5922133412934
59.07349	8.160412	67.2339	65.5907038694611
59.093	8.142227	67.23523	65.5895905486074
59.11737	8.168565	67.28593	65.588866548543
59.14239	8.207362	67.34975	65.5877122465536
59.1707	8.232586	67.40329	65.5874526993607
59.21407	8.283208	67.49728	65.5857246614712
59.2824	8.315715	67.59811	65.5849050387568
59.3753	8.22538	67.60068	65.5839693028246
59.49513	8.208104	67.70323	65.5850348123533
59.63185	8.153721	67.78557	65.585267038789
59.7851	8.092937	67.87804	65.5860320199891
59.93183	8.012904	67.94473	65.5869950766785
60.08291	7.96553	68.04845	65.5877190767429
60.23138	7.913188	68.14456	65.5881835296144
60.36876	7.900875	68.26964	65.5907790015432
60.46952	7.882867	68.35239	65.5941940961865
60.54305	7.889961	68.43301	65.5986473796013
60.59296	7.921667	68.51463	65.6008125496051
60.61273	8.026881	68.63961	65.6043232668984
60.60699	8.236974	68.84396	65.6079432672203
60.57899	8.688646	69.26764	65.6114744750814
60.5213	8.869687	69.39098	65.6155999094105
60.39768	9.2428	69.64048	65.6169044755642
60.28752	9.333615	69.62113	65.6190901361359
60.34209	9.250685	69.59277	65.6168908151856
60.56588	9.127247	69.69313	65.6158389660355
60.84305	9.108347	69.9514	65.6162146264463
61.09007	9.505204	70.59527	65.6194589663574
61.28065	9.906631	71.18729	65.6202444381253
61.41247	10.32588	71.73836	65.6197253437395
61.52007	10.44361	71.96368	65.6182090417179
61.62932	10.7057	72.33502	65.617567003925
61.73169	10.92977	72.66145	65.6162419472034
61.83251	11.12994	72.96245	65.6156545509248
61.92144	11.215	73.13644	65.6149237206711
61.9922	11.37004	73.36224	65.6149373810497
62.0541	11.44193	73.49603	65.6146846640461
62.1012	11.44796	73.54916	65.6143909659068
62.11687	11.53194	73.64882	65.6134757205424
62.09444	11.62578	73.72022	65.6122667770386
62.06308	11.74424	73.80731	65.6110510033456
62.06299	11.8044	73.86739	65.6090634182633
62.12435	11.94301	74.06736	65.6063040217915
62.22484	12.10192	74.32676	65.6040227385698
62.32164	11.76578	74.08742	65.6034216819126
62.41454	8.527653	70.94218	65.6017687761053
62.49609	8.405996	70.90208	65.6001705118122
62.57623	8.315148	70.89137	65.598353681462
62.63443	8.289985	70.92441	65.5970013039833
62.62349	8.272036	70.89553	65.5959153038867
62.54607	8.265766	70.81184	65.5955806246117
62.3828	8.258565	70.64137	65.5963934171368
62.10367	8.231871	70.33554	65.5957513793438
61.79789	8.21769	70.01559	65.5944536433794
61.50662	8.21095	69.71757	65.5940916433472
61.24015	13.64257	74.88272	65.5932310394971
61.04221	13.35035	74.39256	65.5914551902826
60.87741	13.02618	73.90359	65.5903282090503
60.72688	12.60451	73.3314	65.5892217183859
60.59256	12.36971	72.96227	65.5868926238392
60.5107	11.8703	72.381	65.5859842086641
60.45383	11.41406	71.8679	65.5828423215923
60.4487	11.28877	71.73747	65.5813396799493
60.44868	11.1116	71.56028	65.5786622457489
60.41361	11.04824	71.46185	65.5774259814881
60.34546	11.12941	71.47487	65.5756569624629
60.25559	11.25367	71.50925	65.5742636038484
60.16022	11.53085	71.69108	65.573157113184
60.06855	11.66319	71.73174	65.5714905469981
59.97433	12.24131	72.21564	65.5694688109693
59.82761	12.69221	72.51982	65.5698308110015
59.67421	12.98101	72.65522	65.5702133016015
59.50877	13.44355	72.95232	65.5721257546018
59.2972	13.60609	72.9033	65.5745436416092
59.06731	13.73959	72.8069	65.5754998681093
58.81321	14.55494	73.36815	65.5756159813272
58.56583	15.4497	74.01553	65.5761828870379
58.36578	15.72094	74.08672	65.5766405097201
58.19849	15.79719	73.99568	65.5766405097201
58.06071	15.87966	73.94038	65.5764424342308
57.95015	16.01201	73.96217	65.5757662454915
57.89552	16.0766	73.97212	65.5763058304451
57.88454	16.22462	74.10915	65.5773235286488
57.88431	16.31712	74.20143	65.5784505098811
57.9264	16.32423	74.25063	65.5792086608919
57.96262	15.83598	73.79861	65.5808547365099
58.08715	10.16115	68.2483	65.5826852272387
58.27999	21.08205	79.36205	65.5850553029211
58.50604	21.04708	79.55312	65.5845703594818
58.77118	20.90622	79.67739	65.5889690013823
59.03348	20.77865	79.81213	65.5905262845396
59.28214	20.74667	80.02881	65.5923089639434
59.48867	20.80201	80.29069	65.594276058458
59.69633	20.9191	80.61543	65.5954713415831
59.92598	20.95629	80.88227	65.5981282852155
60.17283	20.9576	81.13043	65.601905379891
60.43004	20.91023	81.34027	65.6054912292664
60.69802	20.89002	81.58804	65.6083257578203
61.00454	12.28829	73.29282	65.6127790412351
61.30028	12.00636	73.30664	65.6148349282104
61.58506	11.70116	73.28622	65.6173894190035
61.87016	11.25076	73.12093	65.6192062493538
62.12651	11.01119	73.1377	65.6210982117861
62.37838	10.03403	72.41241	65.622716966647
62.61557	9.744026	72.3596	65.6241649667758
62.82532	9.618873	72.44419	65.625933985801
62.99786	9.40542	72.40328	65.6276688538798
63.15555	8.982029	72.13757	65.6294105521478
63.29425	8.831687	72.12594	65.6316440240445
63.41379	8.545115	71.95891	65.6339867789698
63.54293	8.162601	71.70554	65.6355577225057
63.6593	8.03441	71.69371	65.6374291943702
63.78451	7.817734	71.60224	65.6397241379705
63.87833	7.627173	71.50551	65.640810138067
63.94729	7.564237	71.51153	65.6414248551028
63.98808	7.403083	71.39116	65.6423264400886
63.99094	7.248466	71.2394	65.6443959874425
63.95897	7.108926	71.0679	65.6430299495851
63.894	7.041245	70.93524	65.6439656855174
63.79378	6.903818	70.6976	65.6438290817317
63.67509	6.787581	70.46267	65.6432485156423
63.53548	6.727182	70.26266	65.6435012326459
63.37134	6.80651	70.17785	65.6427362514458
63.21279	6.783043	69.99583	65.643098251478
63.05303	6.7739	69.82693	65.6432211948852
62.89107	6.712619	69.60369	65.6432348552637
62.71717	6.681108	69.39828	65.6420668928957
62.55743	6.672708	69.23014	65.641595609835
62.40256	6.650983	69.05354	65.6398197606205
62.24141	6.614023	68.85543	65.6389181756347
62.09853	6.580672	68.6792	65.6364729678701
61.96269	6.554337	68.51703	65.6333652317447
61.8336	6.522696	68.35629	65.6315347410159
61.70581	6.482196	68.18801	65.6291988162799
61.5989	6.462534	68.06144	65.6252236461152
61.49406	6.349898	67.84396	65.6244586649151
61.36991	6.293045	67.66296	65.6214328910612
61.23854	6.265599	67.50414	65.6186051926965
61.10278	6.232877	67.33566	65.6167064000749
60.96699	6.220818	67.18781	65.6138650413317
60.81242	6.243311	67.05573	65.6120208902243
60.65428	6.244442	66.89873	65.6094117579169
60.49116	6.294789	66.78595	65.6070348520452
60.31918	6.339112	66.65829	65.6025883988196
60.16921	6.380209	66.54942	65.6009150024445
60.03281	6.404044	66.43685	65.5960040963474
59.91099	6.535941	66.44693	65.5921996809148
59.80423	6.56919	66.37342	65.5886070013501
59.72332	6.651012	66.37433	65.586100321882
59.64742	6.671092	66.3185	65.5841673783139
59.56178	6.711158	66.27294	65.582596434778
59.48103	6.783246	66.26427	65.5807249629135
59.40828	6.916903	66.32519	65.5786554155597
59.34709	6.986148	66.33324	65.5765380568809
59.29255	7.049654	66.3422	65.5749329623985
59.25079	7.071131	66.32192	65.5736557170019
59.21509	7.135726	66.35081	65.5733688490519
59.18177	7.204022	66.3858	65.5725014150125
59.14994	7.232995	66.38293	65.5724467734982
59.1107	7.318128	66.42883	65.5719345093017
59.06262	7.171678	66.2343	65.5709577922338
59.00584	25.64911	84.65495	65.5703567355765
58.95987	44.07246	103.0323	65.570677754473
58.92798	47.81167	106.7397	65.5701518298979
58.91512	43.28081	102.1959	65.5712651507516
58.9223	43.16301	102.0853	65.5722418678196
58.94157	35.03046	93.97203	65.5728975659911
58.96489	38.09639	97.06127	65.5747417170985
58.98875	37.48345	96.4722	65.575923339845
59.0054	37.34497	96.35037	65.5779655664417
59.01042	7.340401	66.35082	65.5793247741097
58.99964	7.408408	66.40804	65.5821934536101
58.97701	7.533796	66.5108	65.5832657933281
58.94897	7.736622	66.68559	65.5861413030177
58.9195	7.805899	66.7254	65.5878761710965
58.88954	7.829475	66.71902	65.5899115675038
58.86306	7.89414	66.75719	65.5916669261505
58.83937	7.948212	66.78758	65.5932720206328
58.81348	7.970556	66.78403	65.5954030396902
58.78647	8.005845	66.79231	65.597281341744
58.75473	8.038392	66.79313	65.5990640211478
58.72237	8.052861	66.77524	65.6006827760087
58.69242	8.083204	66.77563	65.6026567007125
58.67177	8.113072	66.78484	65.6040705498948
58.65728	8.131056	66.78833	65.6057985877843
58.64347	8.159618	66.80309	65.6071236445059
58.62704	8.211524	66.83857	65.6085033427418
58.6042	8.272699	66.8769	65.6097669277598
58.57581	8.332439	66.90825	65.6106411919884
58.54175	8.424013	66.96577	65.6111739467528
58.51049	8.473245	66.98373	65.6107163240706
58.4789	8.495719	66.97462	65.6111193052385
58.44273	8.540862	66.98359	65.6104362863099
58.40795	8.59905	67.007	65.6098898711669
58.37955	8.632287	67.01183	65.6094049277276
58.36504	8.640839	67.00587	65.6088585125847
58.36908	8.65004	67.01912	65.6082301351703
58.3868	8.624594	67.01139	65.6078066634345
58.41147	8.612675	67.02415	65.6072670784809
58.44103	8.568756	67.00979	65.6067479840951
58.4668	8.461996	66.92879	65.606433795388
58.48834	8.409501	66.89784	65.605887380245
58.50224	8.308345	66.81059	65.605791757595
58.50418	8.26712	66.7713	65.6057371160807
58.49507	8.227935	66.72301	65.6055595311593
58.47564	8.237021	66.71266	65.6036539083483
58.45033	8.277066	66.72739	65.6017551157267
58.42714	8.307423	66.73456	65.6012018703945
58.40766	8.352048	66.75971	65.6005871533587
58.39009	8.359779	66.74987	65.6001158702979
58.37006	8.424688	66.79475	65.5997402098872
58.35087	8.463667	66.81454	65.5994874928836
58.32893	8.503044	66.83197	65.5991186626621
58.30348	8.526362	66.82984	65.5989342475514
58.27974	8.568985	66.84872	65.5982853795691
58.25928	8.582634	66.84192	65.5982239078655
58.24584	8.608272	66.85411	65.5978687380227
58.23888	8.613176	66.85206	65.5978755682119
58.23433	8.628214	66.86254	65.5977731153726
58.22544	8.657825	66.88327	65.5981692663513
58.21258	8.67061	66.88319	65.5980804738905
58.20017	8.682495	66.88267	65.5981829267298
58.18991	8.675955	66.86587	65.598066813512
58.17911	8.672355	66.85146	65.5981692663513
58.16539	8.690433	66.85582	65.5983878324084
58.15089	8.703599	66.85448	65.5986132286549
58.14181	8.717333	66.85914	65.5986610399799
58.14431	8.714741	66.85905	65.5986268890335
58.15618	8.705879	66.86206	65.5986200588442
58.16856	8.686905	66.85547	65.5987498324406
58.17705	8.639201	66.81625	65.5990913419049
58.18144	8.641884	66.82333	65.5999860967015
58.18654	8.640725	66.82726	65.6003890778694
58.19518	8.607542	66.80272	65.6011882100159
58.20659	8.595783	66.80238	65.601761945916
58.21357	8.59256	66.80614	65.6020897950017
58.21356	8.597724	66.81128	65.6026225497661
58.20663	8.629898	66.83652	65.6031074932054
58.19857	8.635745	66.83432	65.6035856064555
58.19269	8.627439	66.82013	65.6040842102734
58.1867	8.617006	66.8037	65.604480361252
58.17817	8.616049	66.79422	65.6046169650377
58.17252	8.613678	66.7862	65.604767229202
58.17511	8.604529	66.77964	65.6049789650699
58.1825	8.546746	66.72925	65.6050472669628
58.18956	8.533915	66.72348	65.6052590028307
58.18855	8.541805	66.73035	65.6054024368057
58.18198	8.554096	66.73608	65.6054639085093
58.17155	8.563161	66.73471	65.6053751160485
58.16475	8.569168	66.73392	65.605409266995
58.16211	8.570566	66.73268	65.6052043613164
58.1584	8.579956	66.73836	65.6053546254807
58.15134	8.582017	66.73335	65.6053887764271
58.14378	8.593224	66.737	65.6052999839664
58.14065	8.593246	66.73389	65.60536145567
58.13902	8.591098	66.73012	65.6054297575628
58.1313	8.597016	66.72832	65.6056688141879
58.11406	8.627849	66.74191	65.6055458707807
58.09183	8.663359	66.75519	65.6055185500236
58.07272	8.679146	66.75186	65.6051633801807
58.06103	8.694839	66.75587	65.6051223990449
58.05149	8.698317	66.7498	65.6048833424199
58.0439	8.706985	66.75089	65.6047262480663
58.04069	8.743073	66.78376	65.6046579461734
58.04025	8.745948	66.78619	65.6045828140913
58.04137	8.744713	66.78609	65.6045896442806
58.04135	8.636813	66.67816	65.604528172577
58.03998	8.627302	66.66728	65.6043915687913
58.03859	8.625003	66.66359	65.6043505876556
58.03565	8.581146	66.6168	65.604432549927
58.03213	8.530577	66.56271	65.6045145121984
58.02787	8.506693	66.53456	65.6045554933342
58.02378	8.471134	66.49492	65.6045213423877
58.0202	8.438011	66.45821	65.6042686253841
58.01857	8.418906	66.43747	65.6039680970555
58.01801	8.382838	66.40084	65.6041047008412
58.02032	8.353764	66.37408	65.6038178328912
58.02192	8.332959	66.35488	65.6038724744055
58.02103	8.329706	66.35074	65.6035787762662
58.01712	8.318147	66.33527	65.6033328894519
58.01112	8.30851	66.31963	65.6031553045304
58.00556	8.309503	66.31506	65.6026225497661
58.00217	8.297987	66.30016	65.6025747384411
57.99977	8.287663	66.28743	65.6024654554125
57.99561	8.274242	66.26985	65.6023151912482
57.98981	8.275002	66.26482	65.6018370779981
57.98569	8.268451	66.25414	65.6018165874303
57.98377	8.265434	66.24921	65.6014955685338


0	0.1027921	0.1027921	0.941492074274898
0	0.1101434	0.1101434	1.77000961609947
0.01978234	0.1266688	0.1464511	2.63693011063094
0.02797646	0.3454843	0.3734607	3.49664817055977
0.03956468	0.4352126	0.4747772	4.73681310983333
0.03956468	0.4605518	0.5001165	5.36118120308227
0.04845664	0.5787839	0.6272405	6.16665944922633
0.05233916	0.7105184	0.7628575	7.03048373357685
0.06255726	0.9547011	1.017258	7.82634080433718
0.06852804	0.939828	1.008356	8.71492110975671
0.08846933	0.9364907	1.02496	9.53071038040243
0.1186941	0.9026566	1.021351	10.4131025343284
0.1735894	0.8764802	1.05007	11.2375738293309
0.2470816	4.060618	4.3077	12.0706161581144
0.3555328	6.994146	7.349679	12.8910038536973
0.5517841	7.997062	8.548846	14.1163825003826
0.7356848	8.005134	8.740818	14.7473383111984
0.9841712	7.905197	8.889368	15.3169351165587
1.256943	7.824384	9.081327	16.151463011512
1.571594	7.713197	9.284791	16.9527398374712
1.899295	7.40568	9.304975	17.7528350406838
2.268916	7.087369	9.356286	18.5231028072822
2.677007	6.96241	9.639417	19.3090646413137
3.142113	7.804289	10.9464	20.0960168527917
3.595592	9.319011	12.9146	20.8522759011634
4.068809	9.624247	13.69306	21.6059548455321
4.718499	9.466537	14.18504	22.7259846526621
5.136333	9.165532	14.30186	23.2739229277948
5.682169	9.028415	14.71058	23.8104838151236
6.230423	11.33956	17.56999	24.5327865774573
6.808469	10.77148	17.57995	25.2382392628212
7.345558	10.51317	17.85872	25.9250643144535
7.890782	10.25682	18.1476	26.6604707949334
8.495649	10.71116	19.20681	27.336599770143
9.08504	12.14329	21.22832	28.0183295005675
9.699129	12.96192	22.66105	28.688331795987
10.34003	13.17928	23.51931	29.3474997036508
11.19063	13.35498	24.54562	30.2909127686625
11.71398	13.12838	24.84236	30.7597642820466
12.37	12.96059	25.33059	31.2763041770292
13.06649	12.74689	25.81338	31.8870562879355
13.73656	12.24254	25.97909	32.5041843805407
14.43299	12.30046	26.73345	33.1135806988736
15.15048	12.13828	27.28876	33.7667243795867
15.93118	12.68358	28.61476	34.3258163538243
16.87108	13.98138	30.85246	34.8855127998138
17.45297	14.89861	32.35158	35.6376361685725
18.22152	14.57989	32.80141	36.0574093568383
19.15196	13.89542	33.04738	36.8241971419952
19.87547	13.43669	33.31216	37.2443494057664
20.7214	12.64409	33.36549	37.6934104456928
21.60478	12.0113	33.61608	38.2369842298715
22.41072	11.54874	33.95947	38.7611910123282
23.21412	11.51268	34.7268	39.2999221923027
24.08826	10.78454	34.8728	39.7618171578985
24.9078	10.67544	35.58324	40.2998345830926
25.70416	12.28625	37.99041	40.7833744185373
26.46665	13.62519	40.09184	41.2588204796776
27.2538	13.89684	41.15065	41.7440746926332
28.06593	13.52018	41.5861	42.4099361857978
28.65391	13.00829	41.6622	42.7538020654278
29.35126	12.98101	42.33228	43.1296673818652
29.96386	13.00554	42.96941	43.6014695370211
30.53821	12.71482	43.25303	44.0599323325004
31.07751	12.39467	43.47218	44.4635487080089
31.62315	12.26958	43.89273	44.9044988981575
32.11065	12.01252	44.12317	45.3285512000113
32.57256	12.08806	44.66062	45.7510359734239
33.04195	11.95022	44.99217	46.1545806319449
33.45814	11.94535	45.4035	46.5997348035994
33.91446	12.02394	45.93839	47.1428065688655
34.24809	11.78107	46.02917	47.4433519729457
34.66125	11.71923	46.38047	47.7680181904913
35.04145	11.62858	46.67002	48.1502492433437
35.41695	11.33982	46.75678	48.5231741632933
35.82447	11.6464	47.47087	48.8942549321354
36.22149	11.34517	47.56666	49.2691367013155
36.64145	10.94703	47.58848	49.6308054693209
37.07964	10.69218	47.77183	49.9820206326232
37.56091	10.56198	48.12289	50.34980242004
38.00505	10.19235	48.1974	50.6974283188722
38.49305	9.998886	48.49194	51.1727514366053
38.8431	9.887935	48.73103	51.4073752687866
39.26534	10.68846	49.9538	51.6912379355346
39.64398	10.6066	50.25058	52.010190699742
40.01598	10.67138	50.68736	52.3301645772477
40.41226	10.41494	50.8272	52.6489807376694
40.77849	10.08664	50.86514	52.9573023122524
41.13367	9.831874	50.96555	53.2655863207942
41.47321	9.76978	51.24299	53.5629454415723
41.82279	9.653678	51.47647	53.8765877336094
42.14274	9.356687	51.49943	54.1592619474215
42.50119	9.235164	51.73635	54.5597261905743
42.778	8.924338	51.70234	54.7591779630247
43.05653	8.663993	51.72052	55.0019092298892
43.32332	8.555497	51.87881	55.2787299714826
43.59221	8.430141	52.02235	55.5597581096766
43.88773	8.28835	52.17608	55.8222559443363
44.16736	8.142203	52.30956	56.0847845148478
44.44986	7.971763	52.42163	56.356677274871
44.74362	7.677977	52.4216	56.609503561501
45.00692	7.6756	52.68252	56.8557182249016
45.26286	7.413862	52.67672	57.1134417572499
45.56216	8.122673	53.68483	57.4693765813492
45.76321	8.712509	54.47572	57.6417705589411
45.98518	8.619991	54.60517	57.851307105873
46.1916	8.636996	54.8286	58.0813410508539
46.39133	8.489869	54.8812	58.3296116012297
46.55666	8.758136	55.31479	58.5575213573424
46.70427	8.601173	55.30545	58.7840514152192
46.84899	8.478712	55.32771	59.0046392084168
46.97173	8.475515	55.44724	59.2273306999146
47.08421	8.575995	55.66021	59.4457191721619
47.18661	9.090704	56.27731	59.6715798714886
47.299	9.003942	56.30295	59.9733991058708
47.374	9.003593	56.37759	60.1168672318342
47.4589	8.971305	56.43021	60.3018970596061
47.54353	9.933215	57.47674	60.5022401717584
47.61715	10.03152	57.64867	60.7172203795518
47.69349	10.0061	57.69959	60.9183079823363
47.77504	10.02511	57.80015	61.1101406786376
47.86391	10.05154	57.91545	61.3010034880602
47.94445	10.1155	58.05995	61.5007728643124
48.02517	10.02592	58.05109	61.6935208059781
48.11799	9.960617	58.07861	61.8766381807498
48.22134	10.01624	58.23758	62.1526461298182
48.2994	9.97147	58.27087	62.2803979902333
48.38673	9.890679	58.27741	62.4408118158166
48.47577	9.921151	58.39692	62.6219894168309
48.55475	10.37251	58.92726	62.7934886396262
48.62962	11.09242	59.72204	62.972125410226
48.70142	11.36938	60.0708	63.1401685572423
48.7807	11.50143	60.28214	63.3179583843705
48.85515	11.58213	60.43728	63.4882213429049
48.92193	11.55672	60.47865	63.6483756212953
48.98577	11.61201	60.59778	63.8239388067161
49.05568	11.70117	60.75685	64.0604067900048
49.11138	11.74388	60.85526	64.1786032156081
49.17625	11.69526	60.87151	64.3002283962333
49.24307	11.73002	60.97308	64.4631420710954
49.30412	11.73082	61.03494	64.469808335839
49.36275	11.73028	61.09304	64.4692414301283
49.42524	11.74447	61.16971	64.4685993923353
49.48418	12.23126	61.71544	64.468544750821
49.53992	12.73377	62.27369	64.4679368639745
49.59581	12.76209	62.35791	64.4678890526495
49.65595	12.96329	62.61924	64.4678549017031
49.71865	13.14642	62.86507	64.4676909771602
49.75842	13.30343	63.06186	64.4679163734067
49.80416	13.30505	63.10921	64.4679027130281
49.85043	13.40032	63.25075	64.4676773167817
49.89085	13.61081	63.50166	64.4673699582638
49.92326	13.64639	63.56966	64.4665503355494
49.95073	13.62295	63.57368	64.4657921845386
49.97197	13.70992	63.68189	64.4654165241278
49.98807	13.89029	63.87836	64.4649998825813
50.00468	14.05808	64.06276	64.4649110901206
50.01847	14.06945	64.08792	64.4648564486063
50.0275	14.08902	64.11653	64.4648359580385
50.03789	14.08025	64.11814	64.4649247504992
50.04517	13.87409	63.91926	64.4650067127706
50.04824	13.72351	63.77174	64.464993052392
50.04902	13.70828	63.75731	64.4649862222028
50.05228	13.65198	63.70426	64.4650272033385
50.05315	13.61297	63.66613	64.4649657316349
50.05111	13.59038	63.64149	64.4650408637171
50.04377	13.589	63.63277	64.4651774675028
50.03188	13.5908	63.62268	64.465443844885
50.01661	13.57215	63.58877	64.4654984863993
49.99792	13.57889	63.57681	64.4655531279135
49.97825	13.51746	63.49571	64.4654643354528
49.95922	13.53285	63.49207	64.4650340335278
49.93792	13.47168	63.4096	64.4647335051992
49.92123	13.4648	63.38603	64.4644398070598
49.89728	13.46715	63.36443	64.4640641466491
49.87748	13.46372	63.34119	64.4638182598348
49.85342	13.47224	63.32565	64.4636679956705
49.82644	13.51131	63.33775	64.4635928635883
49.79764	13.54493	63.34257	64.463681656049
49.77676	13.55851	63.33527	64.4638114296455
49.75673	13.58353	63.34026	64.4640504862705
49.7328	13.60468	63.33749	64.4643305240313
49.70808	13.60849	63.31657	64.4648632787956
49.68373	13.63424	63.31797	64.4652799203421
49.65958	13.65785	63.31744	64.4657921845386
49.63557	13.6494	63.28497	64.4660995430565
49.60998	13.65645	63.26643	64.4665708261172
49.58384	13.68347	63.26731	64.4669874676637
49.55383	13.70942	63.26325	64.4670557695566
49.52612	13.71966	63.24578	64.4670762601244
49.49807	13.72173	63.2198	64.4672470148566
49.46778	13.69647	63.16425	64.4671923733423
49.44078	13.69516	63.13594	64.4671992035316
49.41311	13.71469	63.1278	64.4672470148566
49.38439	13.74698	63.13137	64.4671992035316
49.35339	13.77956	63.13296	64.4671240714494
49.3242	13.79709	63.12129	64.4675475431852
49.29654	13.85244	63.14898	64.4674314299673
49.2709	13.90107	63.17197	64.4675816941317
49.24291	13.91147	63.15438	64.467185543153
49.21085	13.92498	63.13583	64.4668167129315
49.17805	13.95641	63.13446	64.4669738072851
49.14381	13.97816	63.12197	64.466755241228
49.11152	14.00635	63.11787	64.4668303733101
49.08061	14.02296	63.10357	64.4667689016066
49.04877	14.03351	63.08229	64.4667142600923
49.0152	14.01352	63.02872	64.466611807253
48.98395	14.04196	63.02591	64.466659618578
48.95231	14.06309	63.0154	64.4663522600601
48.92192	14.0792	63.00112	64.4665708261172
48.89592	14.06938	62.9653	64.4665639959279
48.87271	14.07462	62.94734	64.4668850148244
48.85339	14.06275	62.91615	64.4673767884531
48.83516	14.07572	62.91088	64.467779769621
48.81829	14.08348	62.90178	64.4683876564675
48.80543	14.08675	62.89218	64.4688725999068


0	0	0	0.951416125864801
0	0	0	1.83280296130513
0.01978234	0	0.01978234	2.66153415998832
0.03956468	0.03956468	0.07912936	3.52236703487476
0.06255726	0.03956468	0.1021219	4.38490126722379
0.1027921	0.06852804	0.1713201	5.29405666409531
0.1493534	0.1170339	0.2663874	6.17695169070746
0.2102893	0.07401875	0.284308	7.01562422989719
0.2832403	2.13918	2.42242	7.87783616268926
0.3700944	5.699801	6.069896	8.70696137791692
0.4618246	7.766373	8.228197	9.62367437923398
0.590498	10.33436	10.92486	10.8493953891573
0.6988559	12.67007	13.36893	11.4625875851861
0.8497278	12.77419	13.62392	12.1424577965774
1.037786	12.81056	13.84835	13.0026876938159
1.274568	12.65696	13.93153	13.8450925045639
1.597652	12.42815	14.0258	14.6446942266005
1.97853	12.30415	14.28268	15.4791350366404
2.441281	11.89486	14.33614	16.3104937237648
3.02705	11.27824	14.30529	17.1192905881284
3.659125	10.93292	14.59204	17.9264806504624
4.378419	10.04994	14.42836	18.7656155080895
5.415188	9.082119	14.49731	19.9145438460907
6.089111	8.797299	14.88641	20.520475550908
6.974823	11.41145	18.38628	21.0964619983459
7.891479	13.96331	21.85478	21.8645406892779
8.922533	15.16789	24.09042	22.6330206538305
9.950937	15.67265	25.62358	23.4055338451569
11.04213	17.0052	28.04733	24.14505039204
12.16193	16.36928	28.53121	24.8817136273486
13.35359	15.72094	29.07453	25.6523775449256
14.42873	14.39578	28.82451	26.3547839658678
15.47089	13.24271	28.7136	27.0929720409346
16.73875	12.17016	28.90891	28.1140409430395
17.64027	11.53698	29.17726	28.6563118686118
18.68285	10.35826	29.04111	29.191972878502
19.71505	9.138759	28.85381	29.8660237686211
20.83512	8.610097	29.44522	30.5432677722317
21.89433	7.339599	29.23392	31.2469992498954
22.9369	6.631434	29.56833	31.9114981202973
23.99121	7.883539	31.87475	32.5849035575288
24.8963	10.11235	35.00864	33.2157295947482
25.74035	10.70624	36.44659	33.8630881051356
26.58168	10.33413	36.91581	34.4704626874397
27.7066	9.374125	37.08072	35.3877707689983
28.40885	8.298791	36.70764	35.8360599975353
29.28814	7.284107	36.57224	36.291254547441
30.18608	6.718956	36.90504	36.9154416406739
30.97964	5.758235	36.73787	37.4997882397984
31.75954	4.849937	36.60948	38.0903127451327
32.55236	4.474702	37.02707	38.6493159269096
33.43846	3.471924	36.91039	39.2051191650058
34.28822	2.481045	36.76926	39.7633744410558
35.10963	2.102544	37.21218	40.2957159789528
35.9156	1.556203	37.47181	40.8530799153009
37.04321	3.319479	40.36268	41.8890147243879
37.52615	4.729322	42.25547	42.2862517031028
38.01192	6.388041	44.39996	42.671682699636
38.49443	6.372553	44.86698	43.0409978645476
39.08202	5.829917	44.91194	43.4131919542434
39.62709	5.542735	45.16983	43.9323341513442
40.16783	5.090198	45.25803	44.4210888363092
40.65981	4.903886	45.56369	44.9066162568364
41.17668	4.407979	45.58466	45.354181485309
41.73707	4.09792	45.83499	45.824901055463
42.38952	3.469667	45.85918	46.2842995868745
43.22458	2.850668	46.07525	46.9875768569507
43.68599	2.531496	46.21748	47.335967736983
44.20814	2.124122	46.33226	47.6900242590285
44.76505	1.849491	46.61454	48.0506036118427
45.34536	1.938257	47.28362	48.4611833653288
45.98233	4.206263	50.1886	48.8871447050882
46.70938	6.552122	53.26151	49.2963515905277
47.37761	7.326944	54.70455	49.6908462482441
47.98037	7.922708	55.90308	50.1014669828659
48.52874	7.700694	56.22943	50.5133410572218
48.96656	7.348442	56.315	50.8896844869093
49.46014	7.066135	56.52628	51.4537317634743
49.78495	6.855979	56.64093	51.7125925223389
50.25703	6.470176	56.7272	51.9948500946044
50.73955	6.208515	56.94807	52.3668256182431
51.25836	5.571196	56.82955	52.7466729350346
51.83886	4.915379	56.75424	53.0988170040798
52.38987	4.236465	56.62633	53.4459784500406
52.93853	3.911414	56.84995	53.776504969994
53.48573	3.106082	56.59181	54.1351343037669
54.06475	2.32094	56.3857	54.4610470308572
54.57483	1.983174	56.558	54.7988340420222
55.12288	1.292709	56.41559	55.2712440840246
55.45788	0.7954926	56.25338	55.4997548967945
55.80423	0.5730078	56.37724	55.7465569564738
56.12398	0.1557664	56.27975	56.0667733056992
56.4375	0.2211734	56.65867	56.374196710391
56.77634	0.6100564	57.3864	56.6705176423975
57.09754	0.8180492	57.91559	56.9879541045833
57.42194	1.189597	58.61154	57.2723495260955
57.77356	1.609003	59.38256	57.559883419585
58.09777	1.779933	59.87771	57.844463256208
58.41129	2.221935	60.63323	58.1367612067247
58.76487	2.610821	61.37569	58.5376591668972
58.98639	2.767111	61.7535	58.7273471837625
59.20892	3.047739	62.25666	58.9539045623965
59.39104	3.273152	62.6642	59.2094082832268
59.53886	3.469836	63.00869	59.4744606086796
59.635	3.726833	63.36184	59.7334135750995
59.69772	3.931986	63.62971	59.9896549563727
59.74299	4.135265	63.87825	60.2269493925651
59.78722	4.302977	64.09019	60.4667095270899
59.8238	4.47444	64.29824	60.7185044551376
59.85662	4.528872	64.38549	60.9579640613338
59.88732	4.564029	64.45135	61.3058802432108
59.90089	4.565659	64.46655	61.4708361446696
59.90923	4.566431	64.47566	61.6496709907586
59.90756	3.307011	63.21457	61.8830722190577
59.89673	1.858464	61.75519	62.1016451064157
59.88033	0.4379019	60.31823	62.3205321824809
59.8628	0.7940154	60.65682	62.5304512200129
59.847	1.036465	60.88346	62.7422007482737
59.83911	1.201545	61.04066	62.9578093334814
59.83654	1.419273	61.25582	63.1550173887512
59.83324	1.431628	61.26487	63.3609475957399
59.81934	1.512067	61.3314	63.6633952075364
59.80532	1.561475	61.36679	63.8228528066196
59.78726	1.655167	61.44243	63.9609045924788
59.7719	1.684002	61.4559	64.1608925347882
59.76553	1.7176	61.48313	64.346277532403
59.76214	1.730314	61.49245	64.5323933602715
59.76019	1.736185	61.49638	64.7146433010038
59.75639	1.761475	61.51786	64.905164600962
59.74907	1.801354	61.55042	65.0859870321334
59.74064	2.111925	61.85256	65.2687014257372
59.73177	3.737012	63.46878	65.453225819502
59.72004	4.130811	63.85085	65.7018378793421
59.70898	4.285418	63.9944	65.8289272113964
59.69144	4.368792	64.06023	65.9664599028699
59.66911	4.425229	64.09435	66.1348855404863
59.65014	4.553243	64.20338	66.3030311403419
59.63802	4.592053	64.23007	66.4600640222283
59.63279	4.684165	64.31695	66.6298830184592
59.63197	4.786101	64.41807	66.7913282026247
59.62819	4.836833	64.46503	66.791335032814
59.62501	4.904206	64.52922	66.7914033347069
59.62669	5.029716	64.6564	66.7912940516783
59.64092	5.406678	65.0476	66.7913760139497
59.65837	6.351904	66.01028	66.7903992968817
59.68516	6.892132	66.57729	66.7896069949245
59.7042	7.027749	66.73195	66.790023636471
59.70863	7.105725	66.81436	66.7897777496567
59.69816	7.266389	66.96455	66.7887190703173
59.67409	7.397276	67.07137	66.7882887683922
59.65216	7.545587	67.19775	66.7875374475707
59.63498	7.599205	67.23418	66.7873666928385
59.61944	7.65522	67.27466	66.7872232588635
59.60222	7.753499	67.35572	66.7874076739743
59.57777	7.781774	67.35954	66.7870115229956
59.55034	7.953372	67.50372	66.7874076739743
59.52442	7.993109	67.51753	66.7866085418277
59.50537	8.003883	67.50925	66.7862602021741
59.49277	7.991635	67.48441	66.7851263907526
59.48561	7.597475	67.08308	66.7842862774703
59.48232	7.440203	66.92252	66.7840950321703
59.4797	7.408223	66.88792	66.7834188434309
59.47649	7.343821	66.82031	66.782920239613
59.4716	7.313113	66.78471	66.7826197112844
59.46536	7.314588	66.77995	66.7823191829558
59.45657	7.292506	66.74907	66.7814517489164
59.44804	7.260771	66.70881	66.7811443903985
59.44058	7.261662	66.70225	66.780297446927
59.4318	7.261312	66.69312	66.7799969185984
59.42162	7.240071	66.6617	66.7792524279661
59.41079	7.191729	66.60252	66.7787333335804
59.40024	7.07396	66.4742	66.7785694090375
59.38354	7.007987	66.39153	66.7784191448732
59.3611	6.987103	66.34821	66.7783713335482
59.33656	6.9951	66.33166	66.7783030316553
59.31788	6.928464	66.24635	66.777961522191
59.30462	6.798004	66.10262	66.7779000504874
59.29597	6.77025	66.06622	66.7780844655981
59.29042	6.728028	66.01845	66.7780708052196
59.28327	6.672297	65.95557	66.7782688807089
59.27359	6.578854	65.85244	66.7784806165768
59.26673	6.580165	65.84689	66.7781869184374

