0	0.1136409	0.1136409	1.55154302356222
0.02797646	0.1282043	0.1561807	2.72548543572145
0.05595291	0.1866263	0.2425792	3.92241250204692
0.1046783	0.1823843	0.2870626	5.88942633495466
0.1480375	0.1532334	0.3012709	6.88638082689662
0.2238118	0.09487279	0.3186846	7.81780904414465
0.3195939	0.02797646	0.3475704	9.13740332184826
0.4532716	0.05233916	0.5056107	10.5486305652462
0.6440698	0.2430897	0.8871595	11.7657762725203
0.8645667	0.2093567	1.073923	12.9805544654329
1.120125	0.2564087	1.376533	14.2159043347029
1.406392	0.4436728	1.850064	15.4292541642809
1.755577	3.962694	5.718272	16.6159858924358
2.131665	7.964914	10.09658	17.8706199473826
2.661314	11.11133	13.77264	19.5604958617818
3.090919	10.781	13.87192	20.4487500256629
3.665861	10.99456	14.66042	21.3444149449199
4.33445	10.35839	14.69284	22.5206111061003
5.108027	9.565463	14.67349	23.6070329668459
6.061004	9.091677	15.15268	24.7089388667041
7.065553	8.313944	15.3795	25.7850215284172
8.172073	7.144382	15.31645	26.8626495204565
9.445022	10.59366	20.03868	27.8630178263812
10.69205	13.37537	24.06742	28.908905928806
11.98494	16.90192	28.88686	29.9451515115055
13.59225	15.67558	29.26783	31.294093405026
14.72955	15.0968	29.82635	31.972577087992
16.04312	14.09958	30.14271	32.8003618785722
17.33541	12.99086	30.32626	33.7604371903484
18.69111	12.51233	31.20344	34.6305520790318
19.92768	11.51276	31.44044	35.5055437228658
21.1348	10.21049	31.34529	36.380016272314
22.31008	9.580126	31.89021	37.2242959700212
23.53685	8.861422	32.39827	38.0570736289698
24.66004	7.949323	32.60936	38.8607171155167
25.76797	8.336446	34.10442	39.6558262805502
27.09361	12.01001	39.10362	40.7649636433155
28.01932	11.46821	39.48753	41.3066113141154
29.0849	10.58076	39.66566	41.9328372188502
30.12543	10.13054	40.25597	42.6530909243981
31.20801	9.677517	40.88553	43.3918681032909
32.19246	8.854013	41.04648	44.0704815598534
33.15636	8.005158	41.16152	44.7569941303258
34.16676	7.722174	41.88894	45.4167972455932
35.09014	7.782556	42.8727	46.091090607432
36.00011	7.203559	43.20367	46.718522040576
36.89775	6.847908	43.74566	47.3321906423076
38.03996	6.695184	44.73514	48.2351075150395
38.73446	5.839793	44.57425	48.6663827420638
39.61961	5.543478	45.16308	49.1001202523259
40.51218	5.237458	45.74964	49.6816118323287
41.48027	5.073234	46.5535	50.2438866747738
42.39413	7.340962	49.7351	50.7633533058657
43.38562	6.982975	50.36859	51.3032558633029
44.3176	6.153357	50.47096	51.8286067024651
45.24394	5.357123	50.60107	52.3580898061457
46.15532	4.910035	51.06536	52.8505532838933
47.10308	4.609169	51.71225	53.3470226676574
48.13756	3.886956	52.02452	54.0279208225363
48.78741	3.758382	52.54579	54.359383078422
49.59113	3.448612	53.03974	54.7233877711633
50.4268	2.974009	53.40081	55.1735109055238
51.18644	2.655939	53.84238	55.6109469632845
51.92757	2.539678	54.46724	56.0428403224392
52.69882	2.234583	54.93341	56.4777936063943
53.38808	2.113778	55.50185	56.8728551698214
54.03971	2.013048	56.05276	57.278759658741
54.64473	1.883256	56.52798	57.6669261460833
55.23099	1.89682	57.12781	58.0687461818095
55.77288	1.989381	57.76226	58.5888650959783
56.1165	1.9707	58.0872	58.859183497371
56.46539	1.989972	58.45536	59.1685705814826
56.71053	1.96921	58.67974	59.5316156326292
56.88056	1.930568	58.81113	59.8847569093103
56.98015	1.78213	58.76228	60.2168816935568
57.02109	1.622086	58.64318	60.5530567800502
57.00888	1.580782	58.58966	60.8731467707738
56.96099	1.722265	58.68325	61.1998347243482
56.886	1.825635	58.71164	61.5062984874452
56.80757	1.917242	58.72482	61.8258420630259
56.69476	2.187491	58.88225	62.392549698318
56.65954	2.621743	59.28128	62.6230002848453
56.64182	2.671957	59.31378	62.8259730198729
56.64365	3.368483	60.01213	63.0252506224965
56.67953	4.383695	61.06322	63.2885749100599
56.75048	4.399616	61.1501	63.5537228581627
56.83794	4.532763	61.3707	63.8269167692451
56.93976	4.667533	61.6073	64.0934307552052
57.0584	4.829659	61.88806	64.3568028540935
57.20588	4.801426	62.00731	64.6073341971232
57.36268	4.930183	62.29287	64.8609322951425
57.54748	5.532614	63.08009	65.2121952697698
57.68364	7.033273	64.71691	65.3882843797657
57.80685	7.208487	65.01534	65.4366421199143
57.90179	7.399027	65.30082	65.4362049877999
57.97473	7.516507	65.49123	65.4367718935107
58.03879	7.480839	65.51963	65.4362801198821
58.08687	8.142227	66.2291	65.4380627992859
58.11872	8.239094	66.35782	65.4368948369179
58.13606	8.366283	66.50235	65.4370109501357
58.15057	8.418345	66.56891	65.4360137424999
58.16924	8.536998	66.70624	65.4356654028463
58.19006	8.609823	66.79988	65.4359522707963
58.20576	8.684599	66.89036	65.434490610289
58.23185	8.800201	67.03204	65.4341422706354
58.27179	9.029895	67.30168	65.435897629282
58.32174	9.124986	67.44672	65.4324961950174
58.36802	9.147398	67.51542	65.4305427608814
58.39302	9.18915	67.58218	65.4307544967493
58.40545	9.333931	67.73938	65.4301261193349
58.41634	9.419411	67.83575	65.4303583457707
58.42465	9.213242	67.63789	65.4292586852956
58.42711	9.013582	67.4407	65.4283024587954
58.42329	8.965039	67.38833	65.4282478172811
58.42009	8.94637	67.36646	65.4280975531168
58.4191	8.905673	67.32478	65.428029251224
58.41277	8.906666	67.31944	65.4275647983525
58.39625	8.914581	67.31084	65.4264651378774
58.3807	8.938439	67.31915	65.4254269491058
58.37239	8.948785	67.32118	65.4251264207772
58.36894	8.952999	67.32194	65.4235144961056
58.36796	8.702945	67.07091	65.4231320055055
58.36502	8.454775	66.8198	65.4222235903304
58.3578	8.436848	66.79465	65.4219640431375
58.34908	8.388832	66.73792	65.4214244581839
58.3437	8.303853	66.64755	65.4217864582161
58.33749	8.280979	66.61847	65.4213903072375
58.32401	8.288705	66.61271	65.4213151751553
58.30687	8.302624	66.6095	65.4213015147767
58.29065	8.295383	66.58604	65.4212058921267
58.27634	8.299335	66.57567	65.4210897789089
58.26269	8.293347	66.55604	65.4205228731981
58.25143	8.290127	66.54155	65.4205980052802
58.24451	8.294247	66.53876	65.4206594769838
58.24377	8.287024	66.5308	65.420734609066
58.24984	8.270302	66.52014	65.4207892505803
58.25871	8.228005	66.48672	65.4212058921267
58.2651	8.216089	66.48119	65.4213903072375
58.26718	8.200326	66.46751	65.4216498544304
58.2688	8.18897	66.45777	65.4217386468911
58.27126	8.187027	66.45828	65.4219913638947
58.27295	8.158776	66.43172	65.4220664959768
58.27085	8.155166	66.42602	65.4222167601411
58.2665	8.148952	66.41545	65.4224694771447
58.26445	8.133446	66.39789	65.4228861186912
58.26657	8.040126	66.30669	65.4221621186268
58.27201	8.03739	66.3094	65.4217181563232
58.27522	8.024899	66.30013	65.4215132506446
58.27463	8.009547	66.28417	65.4216361940518
58.27362	8.011483	66.2851	65.4219025714339
58.27517	8.005453	66.28062	65.4219298921911
58.27759	7.975111	66.2527	65.421998194084
58.28072	7.930954	66.21168	65.4221689488161
58.28448	7.854854	66.13933	65.422285062034
58.28788	7.851305	66.13919	65.4222304205197
58.29164	7.848454	66.1401	65.4223943450626
58.29663	7.842726	66.13935	65.4221552884376
58.30205	7.838695	66.14075	65.4221074771126
58.30527	7.832808	66.13808	65.4220186846518
58.30295	7.80102	66.10397	65.4217727978375
58.29256	7.804818	66.09737	65.4217591374589
58.27732	7.813439	66.09077	65.4217591374589
58.2597	7.814519	66.07422	65.4218820808661
58.2423	7.825488	66.06779	65.4220391752197
58.233	7.835389	66.06839	65.4221074771126
58.2304	7.833309	66.06371	65.4216840053768
58.22812	7.820018	66.04814	65.4215747223482
58.21984	7.771603	65.99145	65.4215200808339
58.2056	7.758965	65.96457	65.4214449487518
58.19297	7.733654	65.92663	65.4215747223482
58.18396	7.736063	65.92003	65.4219025714339
58.1784	7.68135	65.85975	65.4221074771126
58.17711	7.6802	65.85732	65.4222577412769
58.1783	7.677543	65.85583	65.4224626469555
58.17754	7.610663	65.7882	65.4224558167662
58.17081	7.562758	65.73357	65.4223123827911
58.16272	7.535854	65.69858	65.4225992507412
58.15658	7.513713	65.6703	65.4226129111198
58.15057	7.525378	65.67594	65.4227495149055
58.1421	7.533171	65.67527	65.4228246469876
58.1314	7.549253	65.68066	65.4230773639912
58.12479	7.573622	65.69842	65.423357401752
58.12366	7.596752	65.72041	65.4237057414056
58.12483	7.600574	65.7254	65.4234940055377
58.12696	7.629694	65.75665	65.423118345127
58.12857	7.617648	65.74622	65.4229612507734
58.12808	7.600496	65.72858	65.4228041564198
58.11795	7.59042	65.70837	65.422619741309
58.1007	7.595253	65.69596	65.4225377790376
58.078	7.620404	65.6984	65.4224489865769
58.05711	7.62218	65.67928	65.4222235903304
58.03896	7.645651	65.68461	65.4218957412447
58.02587	7.64352	65.66939	65.4217727978375
58.01444	7.65122	65.66566	65.4217113261339
58.00349	7.655989	65.65948	65.4217249865125
57.99094	7.667618	65.65855	65.4215747223482
57.97469	7.691972	65.66666	65.4215542317803
57.95602	7.707342	65.66336	65.4214654393196
57.93922	7.731521	65.67074	65.4212878543982
57.92834	7.74395	65.67229	65.4212195525053
57.91913	7.748637	65.66777	65.421117099666
57.91113	7.758206	65.66934	65.421117099666
57.90599	7.783237	65.68922	65.4209668355017
57.90324	7.823381	65.72662	65.4206594769838
57.90239	7.824008	65.72639	65.4204750618731
57.90013	7.836215	65.73634	65.4204340807374
57.89553	7.854129	65.74966	65.4203589486552
57.88646	7.857303	65.74376	65.4203589486552
57.87514	7.870757	65.7459	65.4201950241123
57.86794	7.884536	65.75247	65.4200584203266
57.86309	7.897272	65.76037	65.4206526467945
57.85507	7.919487	65.77456	65.4209600053124
57.84296	7.959565	65.80253	65.4214107978053
57.8309	7.979196	65.8101	65.4218274393518
57.82288	8.043519	65.8664	65.4222440808983
57.81774	8.064871	65.88261	65.4224626469555
57.8125	8.080824	65.89332	65.4226129111198
57.80385	8.107674	65.91153	65.4227290243376
57.79392	8.139455	65.93337	65.4230090620984
57.78793	8.1835	65.97143	65.4232344583448
57.78667	8.200614	65.98729	65.423357401752
57.78759	8.213771	66.00136	65.4236852508377
57.79102	8.216759	66.00777	65.4240130999235
57.79445	8.220222	66.01466	65.4244229112807
57.79901	8.219243	66.01825	65.4248258924486
57.80339	8.224903	66.0283	65.4252152132379
57.8035	8.230248	66.03375	65.425597703838
57.79845	8.244359	66.04281	65.4257343076237
57.79025	8.252714	66.04296	65.4259050623559
57.78129	8.267571	66.04887	65.4262875529559
57.77341	8.278821	66.05224	65.4265880812845
57.76447	8.291121	66.05559	65.4269364209381
57.75228	8.314676	66.06696	65.4265949114738
57.73936	8.360296	66.09966	65.4266768737452
57.72563	8.3778	66.10343	65.4267861567738
57.71144	8.404479	66.11592	65.4269159303703
57.69942	8.450081	66.14951	65.4271549869953
57.69181	8.456656	66.14846	65.4273325719168
57.68832	8.493431	66.18175	65.4274691757025
57.68496	8.500064	66.18503	65.4276057794882
57.67623	8.503205	66.17944	65.4277765342204
57.66101	8.517329	66.17834	65.4279882700883


0	0.08846933	0.08846933	1.52367051518782
0	0.1251145	0.1251145	2.75221516805085
0.02797646	0.1251145	0.153091	3.96990280815611
0.04423466	0.1186941	0.1629287	5.37410477498604
0.0656106	0.132704	0.1983146	6.60286564602866
0.1046783	0.1136409	0.2183192	7.89935979667842
0.1823843	0.1101434	0.2925277	9.70739542441353
0.276953	0.1235407	0.4004937	10.7030927346399
0.4524074	0.2306999	0.6831073	11.8273171317655
0.6772422	0.364769	1.042011	12.9816336353402
0.9589957	0.6638185	1.622814	14.2487285168666
1.294676	0.9117159	2.206391	15.5179732004709
1.719991	4.466159	6.18615	16.7144089200546
2.184088	6.602004	8.786093	17.8991991669047
2.71887	9.272922	11.99179	19.0673903462413
3.358588	8.793279	12.15187	20.2307577043942
4.009904	8.822719	12.83262	21.406940205196
4.882106	8.474728	13.35683	23.0118997912906
5.499538	8.093545	13.59308	23.856281941837
6.412061	10.08034	16.4924	24.7717475798356
7.33524	13.22345	20.55869	25.8659712242938
8.316825	12.49446	20.81129	26.9145777420546
9.410287	11.60758	21.01787	28.0047391314346
10.44563	11.27709	21.72272	28.9894885020084
11.49051	10.37595	21.86646	29.9843636281994
12.55927	9.799723	22.35899	30.9792114336333
13.74834	9.478447	23.22679	31.9144897432048
14.90433	8.569008	23.47334	32.8757842437686
16.28102	7.639052	23.92007	34.1843050770915
17.43709	7.127777	24.56487	34.8164937370735
18.70565	9.374482	28.08013	35.6263766015337
19.97532	11.90806	31.88338	36.5089121894346
21.23127	11.0318	32.26307	37.3243036015544
22.54396	10.71208	33.25604	38.1503910900969
23.72343	10.12271	33.84614	38.9898862402088
24.86491	9.237675	34.10258	39.7644331203952
26.05935	9.094399	35.15374	40.5619738328147
27.1529	8.534836	35.68774	41.3212313342832
28.21997	7.792259	36.01223	42.0975301580215
29.5415	7.164425	36.70592	43.1762731784618
30.32194	7.000117	37.32206	43.6826292612182
31.29271	6.312612	37.60532	44.2093085721966
32.2462	6.378181	38.62438	44.8782573109187
33.24972	8.242501	41.49222	45.5735842406654
34.16502	9.608934	43.77395	46.2478536968416
35.06244	9.370519	44.43296	46.8631820345699
35.94275	8.988502	44.93125	47.4846985237917
36.85798	8.301133	45.15911	48.1063960130296
37.68382	7.732537	45.41636	48.7069404060472
38.49762	7.406369	45.90399	49.2817144948867
39.54998	6.765324	46.3153	50.1315983629034
40.19616	6.620158	46.81632	50.5516925700657
41.0069	6.083281	47.09019	50.9456203220713
41.79658	5.675059	47.47164	51.4728597085712
42.62699	5.944782	48.57177	51.995638981467
43.39519	5.698839	49.09403	52.4924464596009
44.15149	5.345185	49.49668	53.0002437122967
44.88282	5.15917	50.04199	53.4900092652762
45.63688	4.915458	50.55234	53.9690958173061
46.32105	4.64646	50.96751	54.4417141800817
46.9893	4.411576	51.40088	54.8976019942
47.82915	4.2098	52.03896	55.5460533348732
48.32695	3.619473	51.94642	55.8599176080622
48.93539	3.364936	52.30033	56.1956692228198
49.55167	3.204546	52.75622	56.6315889785589
50.09578	3.009018	53.1048	57.0242463153572
50.61452	2.917322	53.53184	57.4255540868869
51.10794	2.831445	53.93938	57.8373325385928
51.60788	2.455829	54.06371	58.2192903838738
52.05213	2.432043	54.48417	58.5877517751246
52.48379	3.256362	55.74015	58.9576338457469
52.93066	4.89605	57.82671	59.3205627836756
53.55656	4.781146	58.33771	60.002461561285
53.83452	4.748626	58.58315	60.2635796977087
54.08376	4.602109	58.68586	60.5011951527976
54.40536	4.296235	58.7016	60.7378407210078
54.74623	4.238499	58.98473	61.0324199547462
55.07585	3.950321	59.02617	61.3569973798311
55.4144	4.023117	59.43752	61.6700317850217
55.70323	3.929844	59.63307	61.9726023402254
55.95458	4.227534	60.18212	62.2838267452551
56.17174	4.187597	60.35934	62.581800583069
56.37527	4.322459	60.69773	62.8668653631314
56.56603	4.233274	60.7993	63.2792312111159
56.70026	4.156003	60.85627	63.4773067004251
56.8655	4.029974	60.89548	63.7065073623129
57.01883	3.949875	60.9687	63.9906568970109
57.1664	4.065775	61.23218	64.265394430872
57.30702	4.202723	61.50974	64.511930113169
57.45856	4.366818	61.82537	64.767666060435
57.60495	4.361837	61.96679	65.0166606108752
57.74665	4.385616	62.13226	65.2667070104656
57.8859	4.471156	62.35706	65.5077853715227
57.99888	4.42213	62.42101	65.5916327752041
58.10627	4.488121	62.59439	65.5943033792151
58.17191	4.600917	62.77283	65.5954440208259
58.24691	4.831524	63.07843	65.5970969266333
58.31629	6.197833	64.51412	65.5959494548331
58.3914	7.080585	65.47198	65.5957923604796
58.47274	7.235896	65.70863	65.5963319454332
58.56936	7.356555	65.92591	65.5966119831939
58.67044	7.318959	65.9894	65.5943580207294
58.78312	7.45922	66.24233	65.594562926408
58.90717	7.510761	66.41792	65.5952254547688
59.01513	7.529393	66.54453	65.5965231907332
59.11633	7.492791	66.60912	65.5979848512405
59.17881	7.486136	66.66495	65.5991254928514
59.22701	7.512459	66.73947	65.6002251533265
59.25669	7.711721	66.96841	65.601072096798
59.27134	7.703012	66.97435	65.602240059166
59.2742	7.013275	66.28748	65.6033055686947
59.26792	6.530928	65.79885	65.604336927277
59.25087	6.542897	65.79376	65.6050472669628
59.21937	6.417013	65.63638	65.6058259085414
59.17832	6.452179	65.63049	65.6060444745986
59.139	6.499688	65.63869	65.6059761727058
59.10856	6.552182	65.66074	65.60574394627
59.08323	6.56698	65.65022	65.6051975311271
59.06174	6.591421	65.65317	65.6052726632092
59.04274	6.612066	65.65481	65.6052590028307
59.02557	6.621846	65.64742	65.6049106631771
59.00492	6.290521	65.29545	65.6052726632092
58.97207	6.058352	65.03043	65.60583956892
58.9312	6.068245	64.99945	65.6062015689522
58.89122	6.036503	64.92772	65.6062835312237
58.86033	6.065207	64.92554	65.6059215311915
58.82817	6.054953	64.88312	65.6052999839664
58.78903	6.0707	64.85973	65.6055253802129
58.74298	6.130182	64.87316	65.6050199462056
58.70812	6.172379	64.8805	65.6046306254163
58.68506	6.190774	64.87584	65.6040227385698
58.66413	6.215332	64.87947	65.603503644184
58.63694	6.243877	64.88081	65.603455832859
58.602	6.243092	64.84509	65.6034694932376
58.56826	6.288588	64.85685	65.6031143233947
58.54314	6.32834	64.87148	65.6028684365804
58.51733	6.343009	64.86034	65.602786474309
58.48515	6.375444	64.8606	65.6024449648446
58.448	6.428431	64.87643	65.6020283232981
58.41314	6.476961	64.89011	65.6018643987553
58.37428	6.5109	64.88518	65.601809757241
58.32906	6.563157	64.89222	65.6015980213731
58.29331	6.616869	64.91018	65.6010857571766
58.26477	6.620869	64.88564	65.6006281344944
58.24453	6.611799	64.85633	65.6002593042729
58.23084	6.610405	64.84125	65.5999587759443
58.22393	6.63383	64.85777	65.5995557947764
58.21733	6.636165	64.85349	65.5993099079621
58.20114	6.650069	64.85121	65.5995762853443
58.18129	6.676822	64.85812	65.5996240966693
58.15906	6.693807	64.85287	65.5998221721586
58.13198	6.721583	64.85356	65.5999860967015
58.09872	6.783332	64.88205	65.5997948514015
58.06651	6.807	64.8735	65.5998631532943
58.03406	6.850657	64.88472	65.6003412665444
57.99565	6.892729	64.88837	65.6002319835158
57.94825	6.942238	64.89049	65.6000817193515
57.90655	6.973193	64.87974	65.5999246249979
57.86978	7.01677	64.88655	65.599760700455
57.82825	7.063831	64.89209	65.5996445872372
57.78361	7.091216	64.87482	65.5995421343979


0.02797646	0.02797646	0.05595291	1.51310207792742
0.06255726	0.04423466	0.1067919	2.71613277215405
0.1008706	0.07132626	0.1721968	3.93631663300013
0.14537	0.09065409	0.2360241	5.22603523587765
0.1968319	0	0.1968319	7.12138843033851
0.2422834	0.01978234	0.2620657	8.05822316929366
0.3045456	0.20842	0.5129656	9.21040438494262
0.382573	0.2533378	0.6359107	10.4401441074874
0.4731261	0.2705197	0.7436458	11.6949062284833
0.5947903	0.1958353	0.7906256	12.8788290412941
0.7798419	0.1758294	0.9556713	14.1364342285805
1.015485	0.1532334	1.168719	15.3473379966203
1.305513	1.805261	3.110774	16.5687226901204
1.640918	6.068859	7.709776	17.7677470514436
2.043635	6.946672	8.990307	18.9396384858262
2.576255	8.881307	11.45756	20.6617904596989
3.019863	8.678626	11.69849	21.5500992650943
3.573579	8.329541	11.90312	22.3625502807262
4.289437	7.861673	12.15111	23.4824878803008
5.003432	7.092793	12.09622	24.5397687384555
5.733265	6.494828	12.22809	25.5974320872102
6.532069	6.232909	12.76498	26.6658512765439
7.312925	5.703205	13.01613	27.6769976211627
8.15661	7.028279	15.18489	28.6868598901957
9.073569	8.648563	17.72213	29.7291057941835
10.12675	9.840631	19.96738	30.6748138027955
11.37977	10.49063	21.8704	32.0650271150798
12.22486	10.762	22.98685	32.7548113462204
13.44625	11.78915	25.2354	33.4287324627431
14.67375	12.96632	27.64006	34.3381175247293
15.95613	11.58526	27.54139	35.1800920335523
17.32475	10.89209	28.21684	36.0287089014563
18.55773	9.581418	28.13914	36.8968225446788
19.75468	8.617462	28.37214	37.7024365408349
20.93339	8.358675	29.29206	38.5088121030965
22.19078	7.863122	30.0539	39.3264472323969
23.36087	6.608002	29.96887	40.0732703742693
24.67204	5.454382	30.12642	41.0960195029386
25.62325	4.984091	30.60734	41.6132970583642
26.77499	4.841043	31.61603	42.2251966410706
27.81267	8.707729	36.5204	42.9132050229967
28.82342	9.84838	38.6718	43.6032761220874
29.87903	10.29872	40.17775	44.2781671254887
30.83116	9.697952	40.52911	44.9381239200151
31.747	8.776978	40.52398	45.5435553134672
32.62787	8.332252	40.96012	46.1889911255704
33.54602	7.840198	41.38622	46.7771558005061
34.38865	7.205111	41.59376	47.3744114573822
35.32579	6.755258	42.08104	48.1832800387334
36.27451	6.116095	42.39061	48.5812956590269
36.81033	5.521055	42.33138	49.2333328490756
37.54328	5.363703	42.90698	49.6224931289592
38.25938	7.90614	46.16552	50.166965083029
39.01434	9.607461	48.6218	50.6531686922955
39.70863	10.08703	49.79566	51.1602658505895
40.39129	9.735851	50.12714	51.6691422731927
41.11081	9.209593	50.3204	52.1632620718422
41.77319	8.791715	50.5649	52.636003378025
42.41727	8.503806	50.92107	53.1038576837733
43.11438	7.821624	50.936	53.7333074378514
43.63851	7.161578	50.80009	54.0573555232666
44.14637	6.921695	51.06806	54.4448765577214
44.59937	6.558016	51.15738	54.8807041059051
45.0345	6.487487	51.52198	55.2920864066325
45.42058	6.31581	51.73639	55.6932541592817
45.80754	6.145896	51.95343	56.0863417980051
46.23225	5.679892	51.91215	56.4987383818414
46.62796	5.322849	51.95081	56.861295074454
47.00314	5.241647	52.24478	57.238915749538
47.35598	4.963293	52.31927	57.6218605571709
47.73835	4.924617	52.66297	58.1244122244947
48.0394	4.88343	52.92283	58.3755514543709
48.34898	4.602663	52.95164	58.6733681978311
48.63369	4.381148	53.01484	59.0093861899709
48.9038	4.324815	53.22862	59.3420300686032
49.11993	4.34866	53.46859	59.6755755322212
49.312	4.470411	53.78241	60.0035885425172
49.49787	4.570376	54.06825	60.3075729469032
49.65208	4.592693	54.24478	60.6181826348972
49.78263	4.973742	54.75638	60.934796059274
49.8978	5.115079	55.01287	61.2331728782557
50.03217	5.148068	55.18023	61.6281080831811
50.1223	5.132441	55.25475	61.8364356866093
50.21787	5.113624	55.3315	62.0848496709602
50.31594	5.042593	55.35854	62.3621826767502
50.40757	4.998614	55.40618	62.6237720962347
50.50202	4.995164	55.49718	62.886905138498
50.60644	4.958672	55.56511	63.1450179916357
50.70169	4.901449	55.60313	63.4104596378779
50.7902	4.811289	55.60149	63.6644607170651
50.87132	5.737297	56.60862	63.9029572665719
50.95393	6.53954	57.49347	64.1483591374474
51.05283	7.124363	58.17719	64.4741659966039
51.13543	7.255527	58.39096	64.474384562661
51.23362	7.161961	58.39558	64.4729433927216
51.33623	7.117476	58.4537	64.4721442605751
51.42522	7.016044	58.44127	64.47171395865
51.5062	6.917953	58.42416	64.4721920719001
51.58383	6.873979	58.45781	64.4723901473893
51.6455	6.839883	58.48538	64.4718710530036
51.69209	6.798552	58.49065	64.4712699963464
51.72807	6.784373	58.51244	64.4715432039178
51.75707	6.756709	58.51378	64.470689430257
51.78342	7.743722	59.52715	64.469138977289
51.80117	7.814871	59.61604	64.4688316187711
51.82279	7.917106	59.7399	64.4687291659318
51.8429	8.217618	60.06052	64.4686130527139
51.85785	8.255141	60.11299	64.4682852036282
51.86427	8.297182	60.16145	64.4682442224924
51.86507	8.317297	60.18237	64.4684764489282
51.86745	8.330201	60.19765	64.4686813546068
51.87197	8.329352	60.20132	64.4689272414211
51.86637	8.334278	60.20065	64.4690228640711
51.85563	8.350591	60.20621	64.4687496564996
51.84818	8.153023	60.0012	64.4683944866567
51.84591	7.89011	59.73602	64.4689818829354
51.83732	7.825137	59.66246	64.4688999206639
51.81615	7.801901	59.61805	64.4692414301283
51.79007	7.768268	59.55834	64.4697810150819
51.76241	7.796792	59.5592	64.4703615811713
51.73337	7.826291	59.55966	64.4707099208249
51.69456	7.868437	59.563	64.4711538831285
51.65005	7.938277	59.58833	64.4713246378607
51.6067	8.017043	59.62374	64.4717822605429
51.57196	8.182493	59.75446	64.4716046756214
51.54234	8.229413	59.77175	64.4712973171035
51.51236	8.280172	59.79253	64.4713656189964
51.48829	8.27875	59.76704	64.4709489774499
51.46656	8.292163	59.75873	64.4710309397213
51.44477	8.309338	59.7541	64.471474902025
51.42317	8.26042	59.68359	64.4722057322786
51.4053	8.266835	59.67213	64.4728887512073
51.38744	8.186235	59.57368	64.4733736946466
51.36801	8.181245	59.54926	64.4737425248681
51.34854	8.103896	59.45243	64.4746782608003
51.32476	8.112249	59.437	64.4762355439577
51.3016	8.128882	59.43048	64.4769322232649
51.27481	8.146711	59.42152	64.4777245252221
51.24345	8.159234	59.40268	64.4777381856007
51.20461	8.175388	59.38	64.47812750639
51.15803	8.216902	59.37493	64.4785168271794
51.11831	8.237521	59.35583	64.4777859969257
51.08792	8.290317	59.37824	64.4778952799543
51.06175	8.349672	59.41142	64.4780045629829
51.0307	8.393209	59.4239	64.4783187516901
51.00003	8.411718	59.41174	64.4786124498294
50.97318	8.457144	59.43032	64.47812750639
50.94823	8.521201	59.46943	64.4783597328258
50.92682	8.543989	59.47081	64.4792066762973
50.9066	8.57217	59.47878	64.4788856574008
50.88457	8.597473	59.48204	64.4785031668008
50.85938	8.621906	59.48129	64.4789744498616
50.83637	8.629534	59.4659	64.4779635818472
50.81427	8.648087	59.46235	64.4776220723828
50.79191	8.661181	59.45309	64.4767887892899
50.77071	8.676566	59.44728	64.476672676072
50.74575	8.626051	59.3718	64.4769732044006
50.71736	8.644338	59.36169	64.4770688270506
50.68664	8.659798	59.34644	64.4772669025399
50.65954	8.682088	59.34163	64.4774991289757
50.63228	8.683016	59.31529	64.4766385251256
50.60458	8.713163	59.31774	64.4762013930112
50.58023	8.728052	59.30828	64.4761877326327
50.55652	8.73633	59.29285	64.4757096193826
50.53352	8.757507	59.29102	64.4758120722219
50.50971	8.772769	59.28248	64.4757164495719
50.48741	8.795222	59.28263	64.4760579590362
50.46669	8.84078	59.30747	64.4763994685005
50.4453	8.850307	59.29561	64.4766931666399
50.42626	8.867937	59.2942	64.4765087515291
50.40777	8.895939	59.30371	64.4767068270184
50.3868	8.92064	59.30743	64.4767068270184
50.36237	8.935493	59.29786	64.4765224119077
50.33881	8.961138	59.29994	64.476672676072
50.3128	8.973209	59.28601	64.4764746005827
50.28591	8.9866	59.27251	64.476624864747
50.26338	9.014716	59.2781	64.476672676072
50.24249	9.04218	59.28466	64.4767068270184
50.21945	9.056012	59.27546	64.4765975439899
50.19619	9.084931	59.28112	64.4768775817506
50.17543	9.112294	59.28773	64.4769322232649
50.15539	9.140026	59.29541	64.4771234685649
50.13434	9.152423	59.28676	64.4772873931078
50.11782	9.153068	59.27089	64.4773420346221
50.10143	9.168726	59.27015	64.4778679591971
50.08633	9.163002	59.24934	64.4784280347186
50.06913	9.178794	59.24793	64.4785578083151
50.05206	9.194474	59.24654	64.478960789483
50.03431	9.213178	59.24749	64.4789676196723
50.01767	9.224156	59.24183	64.4790700725116
50.00124	9.241737	59.24297	64.4794662234902
49.98396	9.260451	59.24441	64.4795345253831
49.96618	9.268852	59.23503	64.4797872423867
49.9484	9.286243	59.23464	64.4795140348152
49.93101	9.296312	59.22732	64.4796642989795
49.91452	9.311332	59.22586	64.4796847895474
49.89822	9.317746	59.21597	64.4796438084117
49.88584	9.325062	59.2109	64.479391091408
49.87582	9.343654	59.21947	64.4795550159509
49.86664	9.346072	59.21272	64.4793501102723
49.8588	9.350865	59.20966	64.4787558838044
49.85297	9.354921	59.20789	64.4786875819115
49.84669	9.356434	59.20312	64.4783870535829
49.83912	9.36926	59.20837	64.4784758460437
49.83376	9.374944	59.20871	64.4787353932365
49.82635	9.379513	59.20587	64.4782026384722
49.82022	9.391932	59.21215	64.4777859969257
49.81198	9.372805	59.18478	64.4778201478722
49.8009	9.378863	59.17977	64.4772532421614
49.78881	9.384205	59.17302	64.477410336515
49.77621	9.417595	59.19381	64.4775264497328
49.76444	9.436485	59.20092	64.4774922987864
49.75368	9.447227	59.2009	64.4774991289757
49.74028	9.45511	59.19538	64.4776562233293
49.72538	9.468717	59.1941	64.477601581815
49.71412	9.478116	59.19223	64.4777313554114
49.70374	9.564785	59.26853	64.4774922987864
49.69165	9.609712	59.30136	64.4773898459471
49.6806	9.642164	59.32277	64.4774991289757
49.67236	9.672295	59.34465	64.477505959165
49.6684	9.681619	59.35002	64.4777108648436
49.66534	9.686026	59.35136	64.4776698837078
49.66097	9.688399	59.34937	64.4777245252221
49.65611	9.696858	59.35297	64.4778816195757
49.65458	9.699149	59.35373	64.4782094686615
49.65609	9.701318	59.35741	64.4780455441186


0	0	0	1.49619447795717
0.01978234	0.07132626	0.0911086	2.75981482084918
0.02797646	0.1136409	0.1416174	3.96299108348498
0.04423466	0.1101434	0.1543781	5.25497517477148
0.06852804	0.1493534	0.2178815	6.59662541434176
0.09487279	0.2586879	0.3535607	7.94173855988031
0.1506579	0.311533	0.4621909	9.73322549274784
0.20842	0.2811602	0.4895802	10.6371344504736
0.2980514	0.2349025	0.5329538	11.7689249897814
0.4092611	0.2130625	0.6223236	12.9825915693876
0.55778	0.2390311	0.7968112	14.279401189405
0.7324861	0.3663747	1.098861	15.478315413926
0.9520329	1.118726	2.070759	16.6976459279981
1.230034	2.820431	4.050464	17.9119613755866
1.60535	7.952854	9.558204	19.1228122096595
2.033939	11.23342	13.26736	20.295483993168
2.540295	13.40165	15.94195	21.4646245688154
3.249259	16.39247	19.64173	23.0873836281906
3.806321	17.69693	21.50325	23.8901870014553
4.508847	20.54771	25.05655	24.8894966280406
5.316918	20.85953	26.17645	25.9614880063712
6.120293	22.63242	28.75271	27.0094610240756
6.978338	23.47564	30.45398	28.0602702778814
7.905097	23.34162	31.24672	29.1273217218104
8.992982	22.66248	31.65546	30.1724192298253
10.09806	21.44276	31.54082	31.1274982581384
11.26885	20.78957	32.05841	32.098607740707
12.57754	19.33844	31.91597	33.1118355855109
14.13028	17.81683	31.94711	34.4645511586122
15.18289	16.19468	31.37757	35.1609606733607
16.56967	15.50218	32.07185	35.8852066245465
18.06641	13.70233	31.76874	36.7630123063665
19.41391	12.02556	31.43947	37.6072749286004
20.68135	11.24406	31.92541	38.4766794775981
21.96615	10.09132	32.05747	39.3193028544032
23.15992	13.08119	36.2411	40.1355617005624
24.37667	14.45618	38.83286	40.955204905513
25.57792	15.38191	40.95983	41.7331224841123
26.79055	15.63295	42.4235	42.5469327074123
28.0364	14.73907	42.77547	43.6025896880641
28.78668	14.31257	43.09925	44.1214757530666
29.71931	13.22026	42.93956	44.702253578289
30.75834	12.05731	42.81566	45.3965867154944
31.80847	11.47289	43.28136	46.0865007202315
32.86459	10.17678	43.04137	46.8105212751708
33.90292	8.693279	42.5962	47.4406642934615
34.73977	7.738854	42.47863	48.0632326318334
35.45523	7.281601	42.73683	48.7165607276572
36.14471	6.53303	42.67775	49.3333643862714
36.77065	6.16809	42.93874	49.9132611170758
37.58665	8.334208	45.92085	50.7418074737614
38.16996	9.341318	47.51128	51.1703642854497
39.01877	11.0422	50.06097	51.6400320064535
39.84047	11.06689	50.90736	52.175652035208
40.66322	10.23727	50.90049	52.7247480274248
41.56598	9.375006	50.94099	53.2427427527254
42.41282	8.346803	50.75962	53.7662255351178
43.20584	7.808916	51.01476	54.2528901821612
43.9081	7.019091	50.92719	54.7569957175476
44.56937	6.407227	50.97659	55.2220701362563
45.1504	6.08154	51.23194	55.7131334252002
45.88816	5.599617	51.48777	56.3725233140158
46.44441	4.82625	51.27066	56.7260880624326
47.11377	4.574403	51.68818	57.037076825932
47.74035	6.406003	54.14635	57.4947643949273
48.26897	7.011709	55.28067	57.9172389230559
48.7164	7.501533	56.21793	58.3484765840391
49.05251	7.39258	56.44509	58.7367865053565
49.36275	7.483042	56.84579	59.1299663516352
49.68302	7.176272	56.85929	59.5002240826683
50.03677	6.971786	57.00855	59.885487739564
50.36512	6.567308	56.93243	60.2672884904913
50.69078	6.213975	56.90475	60.7651136668289
50.88937	6.106696	56.99607	61.0130563681189
51.0358	5.894716	56.93052	61.322764471127
51.13552	5.767622	56.90314	61.6752432194474
51.22785	5.864979	57.09283	61.9875877755201
51.32354	5.83657	57.16011	62.3225812392669
51.43327	6.809477	58.24274	62.6406153430153
51.55755	7.4568	59.01435	62.9536975595309
51.6866	7.521883	59.20848	63.2617049454067
51.78725	7.628305	59.41556	63.5663450479642
51.86681	7.571419	59.43823	63.861696093092
51.95115	7.61172	59.56287	64.2807828473345
52.00964	7.590627	59.60027	64.4745553173932
52.08614	7.573363	59.6595	64.7062011870456
52.16305	7.560629	59.72368	64.9797844189173
52.23456	7.563406	59.79797	65.2539208961212
52.2873	8.56942	60.85672	65.5126279757268
52.33256	9.094227	61.42679	65.769559206118
52.38145	9.154441	61.53589	66.0191070018904
52.43122	9.271905	61.70313	66.2749658925636
52.48762	9.288825	61.77645	66.5176834990494
52.54798	9.252193	61.80017	66.5988671289091
52.62648	9.501025	62.1275	66.5990310534519
52.67335	10.49387	63.16722	66.5995228270806
52.73167	11.6552	64.38686	66.6002195063878
52.79346	11.63223	64.42569	66.6011347517522
52.84863	11.58407	64.43269	66.6017562989773
52.89988	11.54402	64.44389	66.6028832802095
52.95085	11.52065	64.4715	66.603538978381
53.00661	11.49776	64.50437	66.6045566765847
53.0603	11.46472	64.52502	66.6049118464276
53.11655	11.43568	64.55223	66.6057041483849
53.17445	12.84389	66.01835	66.6068926013207
53.26076	13.3781	66.63886	66.6086957712924
53.29631	13.39514	66.69144	66.6094812430603
53.32896	13.39677	66.72573	66.6103350167211
53.35581	13.38515	66.74096	66.6112434318962
53.3802	13.3906	66.7708	66.6116259224963
53.39021	13.41009	66.80031	66.6121996583963
53.3914	13.44857	66.83997	66.6121928282071
53.3919	13.54691	66.93881	66.6130602622465
53.39725	13.61937	67.01662	66.6131627150858
53.40832	13.62563	67.03396	66.6135247151179
53.41793	13.62066	67.0386	66.6137296207965
53.42117	13.63468	67.05585	66.6146312057824
53.42429	13.63453	67.05882	66.6146995076752
53.43035	13.65295	67.0833	66.6150956586538
53.43594	13.64773	67.08366	66.6147609793788
53.43898	13.63823	67.0772	66.6145287529431
53.44131	13.60123	67.04254	66.6148497718395
53.44519	13.58046	67.02566	66.6145355831324
53.45192	13.53637	66.98829	66.6147404888109
53.45967	13.30791	66.76759	66.6149590548681
53.46284	13.26966	66.73249	66.615314224711
53.45886	13.22898	66.68784	66.6151434699788
53.45265	13.22374	66.67639	66.6152800737646
53.44822	13.18954	66.63775	66.6146858472967
53.44585	13.19048	66.63633	66.6150136963824
53.44711	13.19337	66.64047	66.6142145642359
53.45032	13.08692	66.53724	66.6134700736037
53.44921	13.03424	66.48344	66.6135588660644
53.44564	13.03801	66.48365	66.6135315453072
53.44102	13.03929	66.48032	66.6136339981465
53.43904	13.04462	66.48366	66.6136476585251
53.44155	13.03595	66.47749	66.6130944131929
53.44555	13.03405	66.47961	66.6126367905107
53.45044	13.02748	66.47792	66.6128212056214
53.45566	13.01626	66.47192	66.6123294319928
53.45957	13.01498	66.47455	66.6124523754
53.46221	13.01808	66.48029	66.6120289036642
53.46302	12.99232	66.45534	66.6121518470714
53.46272	12.98338	66.44611	66.6117966772285
53.45834	12.91783	66.37616	66.612500186725
53.4516	12.93279	66.38439	66.6119401112035
53.44489	12.94135	66.38623	66.6121040357463
53.43988	12.95074	66.39062	66.6116464130642
53.43528	12.95473	66.39001	66.6113390545462
53.43011	12.96077	66.39089	66.6114619979534
53.42162	12.96586	66.38747	66.6110043752712
53.4123	12.97852	66.39082	66.6112092809498
53.40216	12.98136	66.38352	66.6113732054927
53.39406	12.9901	66.38416	66.6116737338213
53.39116	12.99845	66.38961	66.6112161111391
53.39106	12.99657	66.38763	66.6112502620855
53.39134	13.00657	66.39791	66.6107789790248
53.38883	13.00817	66.397	66.6108404507283
53.38334	13.01232	66.39566	66.6101301110426
53.3797	13.00577	66.38548	66.6097681110104
53.37857	12.99538	66.37395	66.6099115449854
53.37971	12.99452	66.37422	66.610116450664
53.37866	12.9878	66.36647	66.6103964884247
53.37157	13.00534	66.37691	66.6106355450497
53.35941	13.01381	66.37321	66.6100481487711
53.3518	12.85543	66.20722	66.6096315072246
53.34784	17.13776	70.4856	66.6096588279818
53.34571	17.2712	70.61691	66.6093856204103
53.34087	20.05868	73.39955	66.6095017336282
53.32884	20.33777	73.66661	66.608948488296
53.31082	20.10643	73.41725	66.6090987524603
53.29331	20.40471	73.69801	66.6086069788316
53.28534	36.49989	89.78523	66.609187544921
53.28433	36.50346	89.78779	66.6079649410387
53.28395	36.50367	89.78761	66.608115205203
53.27359	36.5111	89.7847	66.6076234315744
53.25436	36.53254	89.7869	66.6067969786707
53.2327	36.5448	89.7775	66.6066467145064
53.21216	36.56927	89.78143	66.6062095823921
53.19242	36.59345	89.78587	66.6061549408778
53.17698	36.60254	89.77951	66.6059978465242
53.16051	36.62204	89.78255	66.6058680729277
53.14315	36.63961	89.78276	66.6053216577848
53.1272	36.65565	89.78285	66.6054104502456
53.10994	36.66402	89.77396	66.6050142992669
53.09256	36.6829	89.77546	66.6049869785098
53.07814	36.69876	89.7769	66.6045088652597
53.06483	36.70345	89.76829	66.6040580727668
53.05252	36.71709	89.76961	66.6039761104954
53.04058	36.72768	89.76826	66.6039009784132
53.03034	36.73565	89.76599	66.6038190161418
53.02287	14.2434	67.26627	66.6037575444382
53.01661	13.14804	66.16465	66.6033340727025
53.01367	13.02238	66.03605	66.6028286386952
53.01176	12.98673	65.99849	66.6028286386952
53.00959	12.93106	65.94065	66.6024598084738
53.00671	12.89313	65.89984	66.6024598084738
53.00231	12.87719	65.8795	66.6019953556023
52.99486	12.87304	65.8679	66.6019338838987
52.98309	12.85518	65.83827	66.6019202235201
52.97212	12.81872	65.79084	66.6019816952237
52.95965	12.76219	65.72183	66.6016743367058
52.95034	12.68878	65.63911	66.601845091438
52.94523	12.65744	65.60268	66.6014967517844
52.94316	12.64659	65.58975	66.6016128650022
52.9416	12.59156	65.53317	66.6013601479986
52.93807	12.62022	65.55828	66.6011484121308
52.93365	12.62484	65.55849	66.6012645253486
52.92997	12.64175	65.57172	66.6013191668629
52.92266	12.65869	65.58134	66.6013601479986
52.90665	12.69028	65.59693	66.6013942989451
52.88692	12.70625	65.59318	66.6008069026664
52.86833	12.73273	65.60107	66.6004653932021
52.8506	12.78879	65.63939	66.60048588377
52.82874	12.80893	65.63766	66.6001853554414
52.80123	12.85265	65.65388	66.6001716950628
52.77274	12.89243	65.66517	66.6000897327913
52.74835	12.90821	65.65656	66.599796034652
52.73358	12.9355	65.66908	66.599700412002
52.72263	12.94851	65.67113	66.5996184497306
52.70752	12.95438	65.6619	66.5992496195091
52.68901	12.96447	65.65348	66.5991608270484
52.66967	12.9916	65.66128	66.5988056572055
52.65409	13.01598	65.67007	66.598389015659
52.64236	13.02483	65.66719	66.5982387514947
52.63435	13.04279	65.67714	66.5977879590018
52.62544	13.05518	65.68062	66.5976786759732
52.61351	13.06406	65.67758	66.5978904118411
52.59928	13.06935	65.66863	66.597460109916
52.58644	13.08818	65.67463	66.5970502985588
52.57465	13.10229	65.67695	66.596981996666
52.56544	13.10958	65.67502	66.5967292796624
52.55738	13.18498	65.74236	66.5966609777695
52.54635	13.20255	65.7489	66.5963262984945
52.53091	13.22918	65.7601	66.5961282230052
52.51831	13.24745	65.76576	66.5961282230052
52.51068	13.26977	65.78046	66.5960872418695
52.50551	13.27717	65.78268	66.5961282230052
52.49927	13.28675	65.78603	66.5961760343302
52.48888	13.30147	65.79034	66.5959438078944
52.478	13.32139	65.79939	66.5956979210801
52.46751	13.32812	65.79562	66.5956637701337
52.45992	13.34334	65.80326	66.5953086002908
52.45313	13.3547	65.80782	66.5952061474515
52.44566	13.36677	65.81243	66.5950695436658
52.43354	13.38832	65.82187	66.5947212040121
52.41856	13.40594	65.8245	66.5945641096585
52.40204	13.41401	65.81605	66.5944206756835
52.38696	13.43213	65.81909	66.5941064869764
52.37378	13.44866	65.82245	66.5939493926228
52.35715	13.46409	65.82124	66.5936147133477
52.33783	13.47658	65.8144	66.5932117321798
52.31628	13.50265	65.81893	66.5930341472584
52.29836	13.53124	65.8296	66.5925901849547
52.28337	13.53993	65.8233	66.5924399207904

