0.02797646 (-0.2328756, 0, 9.5) 1.45400749366383
0.06255726 (-0.4280789, 0, 9.5) 2.67210345102239
0.09691329 (-0.6511717, 0, 9.5) 4.06211292484516
0.132704 (-0.8577853, 0, 9.5) 5.34606471353071
0.1845175 (-1.074138, 0, 9.5) 6.68571541518736
0.2586879 (-1.285594, 0, 9.5) 7.98873623858722
0.3626169 (-1.504883, 0, 9.5) 9.33235143823787
0.5008504 (-1.713907, 0, 9.5) 10.6044118673756
0.6861406 (-1.944017, 0, 9.5) 11.9935528399419
0.8935054 (-2.263158, 0, 9.5) 13.8975842167781
1.133151 (-2.368794, 0, 9.5) 14.5220667156976
1.428344 (-2.570332, 0, 9.5) 15.7038277735992
1.742037 (-2.796335, 0, 9.5) 17.0138307579972
2.097885 (-3.002375, 0, 9.5) 18.1934966553351
2.533505 (-3.218654, 0, 9.5) 19.4158000092942
2.995652 (-3.430999, 0, 9.5) 20.5983021427333
3.521755 (-3.652804, 0, 9.5) 21.815740694373
4.110708 (-3.857004, 0, 9.5) 22.9193575566475
4.79616 (-4.069926, 0, 9.5) 24.0517739120486
5.471494 (-4.28738, 0, 9.5) 25.1898268811584
6.181679 (-4.592937, 0, 9.5) 26.7544661523472
6.928888 (-4.715049, 0, 9.5) 27.3697415561085
7.75985 (-4.929683, 0, 9.5) 28.4348054149552
8.552628 (-5.151159, 0, 9.5) 29.5126502655043
9.356687 (-5.357188, 0, 9.5) 30.4958525982046
10.22784 (-5.572944, 0, 9.5) 31.5050198954777
11.04892 (-5.784652, 0, 9.5) 32.4739266420014
11.8777 (-6.003572, 0, 9.5) 33.4552165217016
12.71668 (-6.213422, 0, 9.5) 34.3772613395304
13.62498 (-6.438296, 0, 9.5) 35.3437672745199
14.47738 (-6.651248, 0, 9.5) 36.2393690145259
15.33262 (-6.960725, 0, 9.5) 37.5059319950617
16.19075 (-7.07225, 0, 9.5) 37.9534835631557
17.11695 (-7.284335, 0, 9.5) 38.7892152789708
17.98702 (-7.511626, 0, 9.5) 39.6640669039244
18.85631 (-7.715387, 0, 9.5) 40.4316401608492
19.78049 (-7.926488, 0, 9.5) 41.2086459091788
20.63523 (-8.14656, 0, 9.5) 42.0015625834512
21.48282 (-8.359961, 0, 9.5) 42.7538703673207
22.38798 (-8.571812, 0, 9.5) 43.4818968282766
23.22915 (-8.787078, 0, 9.5) 44.2049474963372
24.05904 (-9.002908, 0, 9.5) 44.9128658800335
24.86734 (-9.322377, 0, 9.5) 45.9305709139148
25.70179 (-9.430336, 0, 9.5) 46.2698571516282
26.44986 (-9.657474, 0, 9.5) 46.9676224589501
26.8658 (-9.858375, 0, 9.5) 47.5690103803446
27.90923 (-9.783095, 0, 9.5) 47.3489280211542
28.55117 (-9.565902, 0, 9.5) 46.6964878499376
29.13955 (-9.3508, 0, 9.5) 46.0368486592131
29.66694 (-9.143078, 0, 9.5) 45.3824789595231
30.16371 (-8.917553, 0, 9.5) 44.6554428760138
30.56557 (-8.71019, 0, 9.5) 43.9683873054931
30.91539 (-8.489343, 0, 9.5) 43.2218442013815
31.23886 (-8.178823, 0, 9.5) 42.1392591994675
31.49286 (-8.06461, 0, 9.5) 41.7327502387962
31.69901 (-7.858523, 0, 9.5) 40.9851757761023
31.85575 (-7.644625, 0, 9.5) 40.1909101394457
31.96724 (-7.430426, 0, 9.5) 39.3776292558155
32.00916 (-7.210094, 0, 9.5) 38.5205839343318
31.98019 (-6.998496, 0, 9.5) 37.6785138028589
31.87205 (-6.788119, 0, 9.5) 36.8223768965503
31.66288 (-6.571383, 0, 9.5) 35.9212870994525
31.37741 (-6.35868, 0, 9.5) 35.0165704718436
31.0043 (-6.135441, 0, 9.5) 34.0481828197057
30.50885 (-5.838327, 0, 9.5) 32.7237374000613
29.9633 (-5.706491, 0, 9.5) 32.1239545731492
29.33971 (-5.501516, 0, 9.5) 31.1759243001798
28.5866 (-5.28384, 0, 9.5) 30.148479416376
27.81038 (-5.074044, 0, 9.5) 29.1389296285029
26.97333 (-4.844522, 0, 9.5) 28.0121789151149
26.09084 (-4.633864, 0, 9.5) 26.9581680100812
25.10935 (-4.429382, 0, 9.5) 25.917252285457
24.16259 (-4.200749, 0, 9.5) 24.7318865951595
23.18287 (-4.003878, 0, 9.5) 23.6939505406115
22.09976 (-3.78611, 0, 9.5) 22.5275813142672
21.07804 (-3.475886, 0, 9.5) 20.8337421825344
20.05978 (-3.358279, 0, 9.5) 20.1816281528563
19.05116 (-3.144692, 0, 9.5) 18.9846938294547
17.97659 (-2.929078, 0, 9.5) 17.7599111167846
16.98131 (-2.70853, 0, 9.5) 16.4908568247067
16.00548 (-2.495659, 0, 9.5) 15.251380667334
14.98881 (-2.288285, 0, 9.5) 14.0309103654247
14.06416 (-2.069032, 0, 9.5) 12.7279894335432
13.15918 (-1.857595, 0, 9.5) 11.4593739811268
12.2753 (-1.643553, 0, 9.5) 10.1646151254427
11.35858 (-1.430207, 0, 9.5) 8.86467984005301
10.53499 (-1.108101, 0, 9.5) 6.88643760284506
9.734317 (-1.002088, 0, 9.5) 6.232027775793
8.948324 (-0.7785707, 0, 9.5) 4.8478369829121
8.125814 (-0.5759542, 0, 9.5) 3.58894217051099
7.393323 (-0.3556336, 0, 9.5) 2.21708477849082
6.705487 (-0.1436403, 0, 9.5) 0.895692666900947

0.01978234 (0.2317163, 0, 9.5) 1.44509740501786
0.03956468 (0.4337658, 0, 9.5) 2.70305722853866
0.05233916 (0.640449, 0, 9.5) 3.98639344641476
0.05595291 (0.8550864, 0, 9.5) 5.31408021776241
0.05934703 (1.070101, 0, 9.5) 6.6375531892071
0.06852804 (1.294012, 0, 9.5) 8.00736557986621
0.08846933 (1.500304, 0, 9.5) 9.26051577619052
0.1266688 (1.723097, 0, 9.5) 10.6030569285759
0.1948336 (2.039271, 0, 9.5) 12.4863919781003
0.2940859 (2.141386, 0, 9.5) 13.0885918382461
0.4396856 (2.360086, 0, 9.5) 14.3679127585954
0.6578966 (2.566956, 0, 9.5) 15.5641538177844
0.922597 (2.790696, 0, 9.5) 16.8412813935991
1.244269 (2.996929, 0, 9.5) 18.0027704496982
1.615558 (3.215425, 0, 9.5) 19.2164250764732
2.066017 (3.426343, 0, 9.5) 20.3703565281268
2.538059 (3.647395, 0, 9.5) 21.5603701622339
3.063755 (3.856251, 0, 9.5) 22.6668966851444
3.678605 (4.079223, 0, 9.5) 23.8277505336399
4.286605 (4.382385, 0, 9.5) 25.3722100105817
4.917889 (4.50405, 0, 9.5) 25.9812340835985
5.574431 (4.710265, 0, 9.5) 26.9983226928967
6.307205 (4.932341, 0, 9.5) 28.0732561752624
7.015149 (5.141248, 0, 9.5) 29.0650850370316
7.742252 (5.356291, 0, 9.5) 30.0655540882483
8.539344 (5.568054, 0, 9.5) 31.0304890797019
9.302884 (5.791556, 0, 9.5) 32.0276693947771
10.08584 (5.999662, 0, 9.5) 32.9367061171098
10.94287 (6.213484, 0, 9.5) 33.85184561357
11.75661 (6.446586, 0, 9.5) 34.8280948135766
12.8752 (6.845309, 0, 9.5) 36.4432604100126
13.41209 (6.934547, 0, 9.5) 36.7982390076118
14.32037 (7.068841, 0, 9.5) 37.3237093750865
15.18245 (7.295671, 0, 9.5) 38.1947873204593
16.05566 (7.500727, 0, 9.5) 38.9638051624182
16.93536 (7.714585, 0, 9.5) 39.7484641378433
17.87069 (7.924768, 0, 9.5) 40.5035722993203
18.73691 (8.148988, 0, 9.5) 41.2936066337138
19.60542 (8.35487, 0, 9.5) 41.9995989040314
20.53869 (8.575721, 0, 9.5) 42.7400699698673
21.39868 (8.789517, 0, 9.5) 43.4411820699396
22.23326 (9.105585, 0, 9.5) 44.4465893480105
23.0372 (9.21233, 0, 9.5) 44.7803328871178
23.86961 (9.431945, 0, 9.5) 45.451989795892
24.62855 (9.639853, 0, 9.5) 46.072700322778
25.37015 (9.864058, 0, 9.5) 46.7254137015661
26.12614 (9.791017, 0, 9.5) 46.5191624756809
26.78339 (9.573984, 0, 9.5) 45.8877797780347
27.34871 (9.367026, 0, 9.5) 45.2700608740562
27.99045 (9.149032, 0, 9.5) 44.6051897583382
28.51029 (8.938274, 0, 9.5) 43.9456359449797
29.00381 (8.720865, 0, 9.5) 43.2501450906902
29.48177 (8.388354, 0, 9.5) 42.1527658987816
29.98162 (8.299248, 0, 9.5) 41.8538563250355
30.43565 (8.065465, 0, 9.5) 41.0509197630797
30.86875 (7.862121, 0, 9.5) 40.335566718345
31.29908 (7.650607, 0, 9.5) 39.5739288959102
31.66609 (7.43899, 0, 9.5) 38.7935934303034
32.00479 (7.21864, 0, 9.5) 37.9626121111372
32.30754 (7.008549, 0, 9.5) 37.1504957747803
32.56376 (6.790133, 0, 9.5) 36.2870539810298
32.70881 (6.56873, 0, 9.5) 35.3893348823449
32.75073 (6.361857, 0, 9.5) 34.5318353532737
32.69623 (6.047709, 0, 9.5) 33.1981691780925
32.54261 (5.930147, 0, 9.5) 32.6886336422233
32.30063 (5.708974, 0, 9.5) 31.7128249894256
31.95048 (5.501501, 0, 9.5) 30.7781101704702
31.4544 (5.295308, 0, 9.5) 29.8299432937151
30.89045 (5.072467, 0, 9.5) 28.7843745026394
30.24065 (4.864354, 0, 9.5) 27.7890963952805
29.44865 (4.653327, 0, 9.5) 26.760049832089
28.61218 (4.431463, 0, 9.5) 25.6572986963066
27.68835 (4.223624, 0, 9.5) 24.6054768669391
26.7044 (4.003442, 0, 9.5) 23.4697410395448
25.60448 (3.69139, 0, 9.5) 21.8253695537197
24.53811 (3.574069, 0, 9.5) 21.1976000262061
23.41616 (3.368552, 0, 9.5) 20.0834697950723
22.14071 (3.150641, 0, 9.5) 18.8840885563589
20.9016 (2.939317, 0, 9.5) 17.7025443569671
19.65574 (2.720913, 0, 9.5) 16.4618985296791
18.4269 (2.503639, 0, 9.5) 15.2115521260569
17.13483 (2.288252, 0, 9.5) 13.9574175287017
15.95316 (2.070736, 0, 9.5) 12.6786191178328
14.79624 (1.858172, 0, 9.5) 11.4155096517551
13.60119 (1.650761, 0, 9.5) 10.1709407344957
12.54218 (1.329131, 0, 9.5) 8.2223005376555
11.53674 (1.22491, 0, 9.5) 7.58612731599846
10.58091 (1.010799, 0, 9.5) 6.27329279125436
9.608914 (0.7921128, 0, 9.5) 4.92477607701697
8.762351 (0.5747435, 0, 9.5) 3.57856135001255
7.98999 (0.3645129, 0, 9.5) 2.27193354633917
7.296836 (0.1515724, 0, 9.5) 0.945225839937059

0.01978234 (0, 0.2239156, 9.5) 1.39647734291199
0.03426402 (0, 0.4186875, 9.5) 2.6090204631023
0.04845664 (0, 0.6318913, 9.5) 3.93258393455504
0.0656106 (0, 0.8479038, 9.5) 5.26819585990921
0.08156469 (0, 1.060614, 9.5) 6.57685671211241
0.1008706 (0, 1.277058, 9.5) 7.90040310809193
0.1170339 (0, 1.499796, 9.5) 9.25261836982798
0.1282043 (0, 1.705225, 9.5) 10.4895938241481
0.1356209 (0, 1.938316, 9.5) 11.8802024336374
0.1412742 (0, 2.134156, 9.5) 13.0365833619239
0.14537 (0, 2.470565, 9.5) 14.9960306257627
0.1619255 (0, 2.560366, 9.5) 15.5129820396498
0.2065338 (0, 2.783071, 9.5) 16.7828952280305
0.2866737 (0, 2.996714, 9.5) 17.9844945707148
0.4116447 (0, 3.214097, 9.5) 19.1894919325691
0.5841681 (0, 3.417987, 9.5) 20.3030740410126
0.8230571 (0, 3.634211, 9.5) 21.4657344745744
1.098427 (0, 3.848984, 9.5) 22.6020201322063
1.418169 (0, 4.063786, 9.5) 23.718931957927
1.816608 (0, 4.280427, 9.5) 24.8260731978733
2.237734 (0, 4.499121, 9.5) 25.9225098236603
2.701681 (0, 4.828091, 9.5) 27.5331845706404
3.197146 (0, 4.91436, 9.5) 27.9473655414278
3.747163 (0, 5.135748, 9.5) 28.9959840120199
4.284138 (0, 5.349577, 9.5) 29.9885676097053
4.847999 (0, 5.567996, 9.5) 30.9813561130693
5.474108 (0, 5.776669, 9.5) 31.9088480068541
6.05696 (0, 5.999615, 9.5) 32.8809376215853
6.625547 (0, 6.204437, 9.5) 33.754132925637
7.177667 (0, 6.4287, 9.5) 34.689626386171
7.768394 (0, 6.631869, 9.5) 35.5192484976692
8.31869 (0, 6.870355, 9.5) 36.4708987709605
8.862419 (0, 7.164762, 9.5) 37.613463080094
9.427316 (0, 7.281047, 9.5) 38.054946025007
9.929135 (0, 7.498036, 9.5) 38.8637565497493
10.41278 (0, 7.704701, 9.5) 39.6173996356242
10.90178 (0, 7.918893, 9.5) 40.3809055148289
11.44326 (0, 8.13266, 9.5) 41.1258332791743
11.96169 (0, 8.348413, 9.5) 41.8601640048416
12.48508 (0, 8.564651, 9.5) 42.5791882763179
13.04532 (0, 8.77859, 9.5) 43.2745117909699
13.56735 (0, 8.996417, 9.5) 43.9660411354732
14.09089 (0, 9.210678, 9.5) 44.6307688172162
14.60821 (0, 9.513825, 9.5) 45.5447813324441
15.14822 (0, 9.63766, 9.5) 45.9094075724105
15.63335 (0, 9.848578, 9.5) 46.5194903247667
16.10691 (0, 9.78187, 9.5) 46.327910345469
16.59866 (0, 9.569251, 9.5) 45.7074935167223
17.04414 (0, 9.341657, 9.5) 45.0283917016258
17.4775 (0, 9.14543, 9.5) 44.4283220067637
17.90771 (0, 8.930503, 9.5) 43.7558727960322
18.37517 (0, 8.715723, 9.5) 43.067980527324
18.82189 (0, 8.500376, 9.5) 42.3619814268171
19.26635 (0, 8.283727, 9.5) 41.6346174942221
19.72898 (0, 7.981172, 9.5) 40.5907323448056
20.15236 (0, 7.852108, 9.5) 40.1343732476265
20.5654 (0, 7.643022, 9.5) 39.3822840298142
20.96986 (0, 7.426022, 9.5) 38.5834763172821
21.38629 (0, 7.215557, 9.5) 37.7907508883097
21.75428 (0, 6.994593, 9.5) 36.9396512465999
22.0747 (0, 6.785587, 9.5) 36.115971399781
22.42677 (0, 6.567004, 9.5) 35.235676113966
22.68657 (0, 6.350245, 9.5) 34.3419834118655
22.90471 (0, 6.139027, 9.5) 33.4520097478315
23.07966 (0, 5.928734, 9.5) 32.5466066861993
23.217 (0, 5.612454, 9.5) 31.1491294676088
23.29356 (0, 5.5, 9.5) 30.6414346677522
23.32194 (0, 5.263212, 9.5) 29.5548574202003
23.30227 (0, 5.073977, 9.5) 28.6685413225293
23.23473 (0, 4.846196, 9.5) 27.5815218202211
23.11411 (0, 4.645144, 9.5) 26.6034540823168
22.93437 (0, 4.427636, 9.5) 25.5256126468624
22.68538 (0, 4.212414, 9.5) 24.4394657012356
22.41039 (0, 3.998917, 9.5) 23.342479245211
22.09438 (0, 3.784104, 9.5) 22.2195227019717
21.69545 (0, 3.566516, 9.5) 21.0625723066535
21.25993 (0, 3.230501, 9.5) 19.2392396162375
20.7654 (0, 3.148669, 9.5) 18.788978170544
20.22099 (0, 2.929259, 9.5) 17.5687529016754
19.59232 (0, 2.716209, 9.5) 16.3669810967116
18.96911 (0, 2.495556, 9.5) 15.1058703147739
18.31108 (0, 2.287578, 9.5) 13.9022902171965
17.57733 (0, 2.063904, 9.5) 12.5932093083522
16.86679 (0, 1.852236, 9.5) 11.3406926120842
16.07073 (0, 1.63223, 9.5) 10.026680306575
15.29995 (0, 1.425042, 9.5) 8.77820878991197
14.51198 (0, 1.213495, 9.5) 7.49417845404963
13.71901 (0, 0.8800591, 9.5) 5.45308908389539
12.92748 (0, 0.7877457, 9.5) 4.88495393904239
12.0692 (0, 0.5696047, 9.5) 3.53789696432158
11.2409 (0, 0.3527145, 9.5) 2.19338807709147
10.39783 (0, 0.1395362, 9.5) 0.868405793897018

0 (0, -0.2315371, 9.5) 1.44496197517091
0.01978234 (0, -0.4394965, 9.5) 2.74245397378674
0.03956468 (0, -0.6490505, 9.5) 4.04796290707764
0.05934703 (0, -0.8576793, 9.5) 5.34459835726826
0.07661668 (0, -1.078563, 9.5) 6.71247310860414
0.09487279 (0, -1.406605, 9.5) 8.73144931405643
0.1153499 (0, -1.494416, 9.5) 9.26887336655624
0.1467098 (0, -1.711453, 9.5) 10.5905585359552
0.191797 (0, -1.93727, 9.5) 11.9549528789628
0.25101 (0, -2.139923, 9.5) 13.1686997132931
0.3333784 (0, -2.355175, 9.5) 14.4458486334493
0.429328 (0, -2.579032, 9.5) 15.7598916748103
0.5492961 (0, -2.782482, 9.5) 16.9405786854465
0.6935157 (0, -3.003812, 9.5) 18.2094161190147
0.8787099 (0, -3.212178, 9.5) 19.3882692238275
1.089842 (0, -3.433647, 9.5) 20.6234765128961
1.34741 (0, -3.751514, 9.5) 22.3639777902871
1.654812 (0, -3.85884, 9.5) 22.942725341744
2.03134 (0, -4.07606, 9.5) 24.099716718198
2.412245 (0, -4.30225, 9.5) 25.2837915027204
2.810001 (0, -4.501509, 9.5) 26.3097149618606
3.243893 (0, -4.715016, 9.5) 27.3898735390305
3.65527 (0, -4.931175, 9.5) 28.4631165495478
4.078759 (0, -5.145462, 9.5) 29.507339793334
4.519997 (0, -5.357155, 9.5) 30.5195396946503
5.021296 (0, -5.580098, 9.5) 31.5636570705025
5.511462 (0, -5.783493, 9.5) 32.4976513044881
6.003092 (0, -6.113217, 9.5) 33.9728287564021
6.517493 (0, -6.210574, 9.5) 34.4003610396974
6.985587 (0, -6.42949, 9.5) 35.3452152746486
7.452325 (0, -6.641915, 9.5) 36.2420088826852
7.937213 (0, -6.857467, 9.5) 37.1319757165299
8.485565 (0, -7.079276, 9.5) 38.0284687962378
9.005558 (0, -7.286277, 9.5) 38.8470738124169
9.515662 (0, -7.499283, 9.5) 39.6702789610805
10.04819 (0, -7.713599, 9.5) 40.4807936180497
10.53971 (0, -7.929725, 9.5) 41.2791198022371
11.03706 (0, -8.141421, 9.5) 42.0443229834795
11.57583 (0, -8.483562, 9.5) 43.2430929202519
12.06939 (0, -8.579218, 9.5) 43.5724787985944
12.53308 (0, -8.792912, 9.5) 44.2927427494262
12.96714 (0, -8.997613, 9.5) 44.9677771868025
13.4151 (0, -9.217166, 9.5) 45.6750637779899
13.83213 (0, -9.427473, 9.5) 46.3367691009736
14.25749 (0, -9.641693, 9.5) 46.9953496123588
14.67135 (0, -9.858554, 9.5) 47.6465261985573
15.08077 (0, -9.781906, 9.5) 47.4230048390612
15.43493 (0, -9.570491, 9.5) 46.7890505751486
15.76936 (0, -9.358534, 9.5) 46.1382701399287
16.11969 (0, -9.025804, 9.5) 45.0831698197037
16.44861 (0, -8.932912, 9.5) 44.7832254722807
16.78198 (0, -8.707395, 9.5) 44.0386084815479
17.11139 (0, -8.499099, 9.5) 43.3342144755234
17.45592 (0, -8.277553, 9.5) 42.5674266903665
17.76554 (0, -8.074457, 9.5) 41.8484058339849
18.06222 (0, -7.856601, 9.5) 41.0594916506343
18.36507 (0, -7.644502, 9.5) 40.2730978071305
18.62971 (0, -7.412628, 9.5) 39.3926898231923
18.87492 (0, -7.217567, 9.5) 38.6348427558114
19.10193 (0, -6.990953, 9.5) 37.7338759021208
19.33438 (0, -6.653685, 9.5) 36.3526340434643
19.4949 (0, -6.553154, 9.5) 35.9322905343931
19.62148 (0, -6.361519, 9.5) 35.1181251412503
19.72451 (0, -6.141451, 9.5) 34.1633978676854
19.765 (0, -5.93073, 9.5) 33.2287376902444
19.75917 (0, -5.719329, 9.5) 32.2706123975095
19.71299 (0, -5.501104, 9.5) 31.261066024731
19.6304 (0, -5.275986, 9.5) 30.1972367225978
19.53553 (0, -5.07044, 9.5) 29.2061113703251
19.42984 (0, -4.860769, 9.5) 28.1758200051361
19.29512 (0, -4.643835, 9.5) 27.0895142576083
19.14849 (0, -4.318229, 9.5) 25.419891561991
18.96676 (0, -4.214768, 9.5) 24.8801563441913
18.73668 (0, -4.004289, 9.5) 23.768449122707
18.43197 (0, -3.777941, 9.5) 22.5524910145951
18.10292 (0, -3.575208, 9.5) 21.4458859445078
17.73331 (0, -3.336792, 9.5) 20.1237081477066
17.29322 (0, -3.14624, 9.5) 19.0520907222395
16.83334 (0, -2.924417, 9.5) 17.7885296098952
16.3251 (0, -2.715338, 9.5) 16.5814712384236
15.77276 (0, -2.494794, 9.5) 15.2924676709871
15.13495 (0, -2.283159, 9.5) 14.0420760173608
14.51021 (0, -1.96858, 9.5) 12.1602555623107
13.8598 (0, -1.861484, 9.5) 11.513874622765
13.13905 (0, -1.646701, 9.5) 10.2093742096109
12.45345 (0, -1.429185, 9.5) 8.87891822339443
11.75732 (0, -1.21747, 9.5) 7.57636782928168
11.00811 (0, -0.9949729, 9.5) 6.2006468980029
10.30769 (0, -0.7792274, 9.5) 4.86111401711144
9.602283 (0, -0.5738717, 9.5) 3.58228017463565
8.892802 (0, -0.358821, 9.5) 2.24053111076413
8.148856 (0, -0.144286, 9.5) 0.900920643191243
