0.01978234	0.08156469	0.101347	2.123385254
0.05595291	0.1426525	0.1986054	3.593031319
0.09487279	0.2112177	0.3060905	5.33435905
0.1594904	0.2430897	0.4025801	7.076012068
0.2586879	0.3140353	0.5727232	8.84280189
0.4068635	0.3663747	0.7732382	10.55297627
0.6299395	0.5471546	1.177094	12.36202448
0.8978747	0.7922885	1.690163	14.12284984
1.217722	0.9626616	2.180384	15.81836663
1.585726	1.364153	2.949879	17.47257871
2.030665	1.806019	3.836684	19.02741496
2.490493	2.15495	4.645443	20.58464006
3.138435	2.495048	5.633483	22.92219038
3.562329	2.502958	6.065288	24.07977086
4.133228	4.158689	8.291916	25.17845462
4.745738	7.000061	11.7458	26.69341621
5.454418	15.04435	20.49877	28.11916529
6.163225	14.94385	21.10707	29.52667947
6.909441	14.81503	21.72447	30.90109797
7.68577	14.89341	22.57918	32.29540257
8.545667	14.34254	22.88821	33.47507188
9.372595	13.59844	22.97104	34.7141092
10.22047	13.66064	23.88111	35.98452441
11.27037	13.65628	24.92664	37.60252795
12.02423	13.10672	25.13095	38.43433572
12.92055	12.85681	25.77735	39.37096641
13.8382	15.37585	29.21405	40.50881788
14.84722	20.53308	35.3803	41.52953845
15.80506	22.3806	38.18566	42.52666412
16.76506	23.22561	39.99068	43.53482397
17.78627	22.50192	40.28819	44.49132709
18.7285	21.4353	40.1638	45.39632375
19.65888	21.21715	40.87604	46.33780046
20.57841	21.30176	41.88017	47.18932016
21.68311	21.17338	42.85649	48.38506432
22.45275	21.09031	43.54306	48.95036835
23.3377	21.08715	44.42485	49.66859349
24.20587	20.26868	44.47454	50.42987956
25.12227	21.1869	46.30917	51.15391036
25.97065	22.78636	48.757	51.88606567
26.81316	23.70702	50.52018	52.59500517
27.70005	23.95166	51.65171	53.26793932
28.50613	23.79682	52.30295	53.96255933
29.28602	23.93095	53.21697	54.60306033
30.09972	23.75499	53.85471	55.21971372
31.01537	23.5315	54.54687	56.1115452
31.60888	24.18021	55.78909	56.51880206
32.36409	24.62815	56.99224	56.98274609
33.16317	23.96012	57.12329	57.53158595
33.8978	23.22555	57.12336	58.08618366
34.6244	22.81923	57.44363	58.62428646
35.39864	22.95677	58.35542	59.11948201
36.11244	22.59561	58.70805	59.62472477
36.81075	21.81682	58.62757	60.14039723
37.48822	22.81551	60.30373	60.5874741
38.19169	22.67402	60.86572	61.05280807
38.97163	22.59691	61.56854	61.70668941
39.46633	22.27053	61.73686	62.03980457
40.0864	21.72693	61.81333	62.34156234
40.73362	21.57989	62.31351	62.76552584
41.32333	21.83648	63.15982	63.1760612
41.90164	21.41852	63.32016	63.55329939
42.5108	21.11259	63.62339	63.9399564
43.06465	21.14569	64.21033	64.31825327
43.60406	20.65909	64.26315	64.6898019
44.13054	20.36381	64.49435	65.03176216
44.67656	19.82505	64.50161	65.38560012
45.27188	20.08709	65.35897	65.86943023
45.64644	20.15128	65.79771	66.10503761
46.14463	19.93502	66.07965	66.36886733
46.59447	19.80294	66.39742	66.38323805
47.02776	19.97089	66.99866	66.38480217
47.47791	19.92817	67.40608	66.38657802
47.89106	19.49011	67.38117	66.38800553
48.29879	19.10878	67.40756	66.38923496
48.69788	18.92305	67.62093	66.39058051
49.10803	18.57816	67.68619	66.39174847
49.46741	18.25457	67.72198	66.39312817
49.85275	18.05833	67.91108	66.39398194
50.14553	18.18847	68.33401	66.39393413
50.43273	17.99886	68.43159	66.3947196
50.68136	17.75297	68.43433	66.39458983
50.88561	17.62158	68.50719	66.39531383
51.06004	17.44204	68.50208	66.396393
51.18642	17.30526	68.49168	66.39655692
51.27527	17.25338	68.52866	66.39650911
51.32764	17.18736	68.51501	66.39630421
51.3474	17.23366	68.58106	66.39611296
51.33934	17.29587	68.63521	66.39581243
51.31318	16.84369	68.15687	66.39573047
51.26592	16.78867	68.05458	66.39510892
51.20427	16.83192	68.03619	66.39497232
51.12462	16.75996	67.88458	66.39446688
51.02845	16.70062	67.72906	66.39462398
50.91122	16.79403	67.70525	66.39484254
			
			
0	0	0	2.054618268
0.04423466	0.04845664	0.0926913	3.595809499
0.1027921	0.07661668	0.1794088	5.329691896
0.1958353	0.1678588	0.3636941	7.084157922
0.3109043	0.2980514	0.6089556	8.84953048
0.4524074	0.3810355	0.8334429	10.56550028
0.6364292	0.4841639	1.120593	12.30989818
0.8411642	0.652221	1.493385	14.05126433
1.082455	0.6847132	1.767169	15.77526131
1.365301	0.741777	2.107078	17.38588141
1.713722	0.9373261	2.651048	18.87470558
2.07952	1.236697	3.316217	20.4507342
2.578229	1.63865	4.216879	22.61813255
2.966363	1.75502	4.721383	23.72501936
3.460909	3.169965	6.630875	24.96254721
4.005898	11.77642	15.78232	26.40273189
4.609977	14.71281	19.32278	27.84636753
5.326198	18.6102	23.93639	29.20048671
6.052751	19.054	25.10675	30.51919477
6.828978	18.96346	25.79243	31.83204936
7.711059	19.00933	26.72039	33.07494573
8.56926	18.36854	26.9378	34.25168148
9.448976	18.00169	27.45066	35.50138755
10.55014	17.87701	28.42715	37.10885894
11.35499	17.52784	28.88283	37.991999
12.32333	17.08431	29.40764	38.87316855
13.31215	16.45885	29.771	39.8923933
14.38597	16.80256	31.18854	40.92688694
15.40231	22.24565	37.64796	41.89299672
16.42953	22.39955	38.82908	42.86519904
17.4566	22.1367	39.5933	43.79176203
18.54288	21.56694	40.10983	44.70533399
19.53946	21.23207	40.77154	45.57867273
20.52157	21.26832	41.78989	46.43364509
21.63369	20.96826	42.60194	47.56151425
22.52718	20.79699	43.32417	48.13313962
23.46775	20.51995	43.9877	48.86268238
24.43633	20.92521	45.36154	49.58658341
25.3037	24.49609	49.7998	50.30055334
26.14129	24.03105	50.17234	51.01498431
26.95561	23.26169	50.2173	51.72606849
27.79987	22.76832	50.56818	52.36373496
28.55351	22.49926	51.05277	53.05450615
29.2697	22.0782	51.3479	53.68104966
30.00236	21.97432	51.97668	54.34271059
30.76178	21.73182	52.49359	55.11994515
31.32615	21.53319	52.85934	55.56175936
31.98421	21.78324	53.76745	56.00874743
32.68946	21.91322	54.60268	56.53493497
33.35166	21.81589	55.16755	57.07181858
34.0265	21.30389	55.3304	57.61048146
34.76686	20.72793	55.49479	58.08442147
35.46476	20.69978	56.16454	58.57627706
36.15033	20.33713	56.48746	59.07659525
36.81627	21.19589	58.01216	59.52111763
37.52163	21.45678	58.9784	59.99268756
38.32377	20.99649	59.32026	60.6289675
38.88363	20.60496	59.48859	60.95484266
39.46235	20.06215	59.52449	61.26514499
40.08805	20.13108	60.21913	61.66418514
40.63645	20.04051	60.67696	62.06680431
41.16692	19.7826	60.94952	62.43695959
41.71593	19.63036	61.34629	62.81451196
42.20297	19.16823	61.3712	63.19953656
42.66179	19.22502	61.88681	63.56557324
43.0955	19.26071	62.35621	63.88671508
43.53767	19.08517	62.62283	64.23927579
43.98365	18.99124	62.97489	64.7118839
44.29348	18.66692	62.9604	64.94126898
44.63945	18.50649	63.14594	65.20683357
44.92409	18.22186	63.14595	65.22541852
45.18778	18.02882	63.2166	65.23036357
45.44983	17.93077	63.38061	65.23504908
45.72928	17.77369	63.50297	65.24043127
45.9644	17.66543	63.62983	65.24441327
46.16408	17.67689	63.84097	65.24827916
46.34676	19.9204	66.26715	65.25185135
46.50775	19.71519	66.22294	65.25650954
46.69833	19.58515	66.28347	65.26064863
46.83662	19.53597	66.37259	65.2641935
46.99092	19.44993	66.44085	65.2678135
47.11391	19.5327	66.64661	65.27079829
47.22435	19.49804	66.7224	65.27425437
47.33455	19.53004	66.86459	65.27735528
47.4245	19.49462	66.91911	65.28042886
47.49103	19.50076	66.99179	65.28283992
47.5333	19.4361	66.9694	65.2851895
47.56106	19.40238	66.96344	65.28725222
47.57837	19.42351	67.00188	65.28797622
47.58828	19.43675	67.02503	65.28936275
47.58251	19.44697	67.02947	65.29182845
			
			
0.02797646	0.07132626	0.09930271	1.973082243
0.07401875	0.09891172	0.1729305	3.67439723
0.1297215	0.1480375	0.277759	5.415622507
0.2065338	0.2238118	0.4303456	7.100007377
0.3019647	0.3268584	0.628823	8.902539579
0.427501	0.4000739	0.827575	10.62458312
0.6090934	0.5818186	1.190912	12.3947795
0.8275619	0.7393991	1.566961	14.06232924
1.090381	0.8013745	1.891755	15.79039189
1.397598	0.9104272	2.308025	17.4568744
1.788598	0.842791	2.631389	18.93037675
2.224752	0.7322189	2.956971	20.57829652
2.807283	5.720156	8.527439	22.71349053
3.338534	11.60673	14.94527	23.80035635
3.96388	12.91404	16.87792	25.07409957
4.636035	14.07157	18.70761	26.54730139
5.339683	13.74198	19.08166	27.97518149
6.115358	13.55824	19.67359	29.25811302
6.859869	13.56116	20.42103	30.6107398
7.620481	13.29178	20.91226	31.91221529
8.458118	14.94348	23.4016	33.24782807
9.267941	16.02437	25.29231	34.38269817
10.10414	17.98664	28.09078	35.60123809
11.13178	18.53038	29.66216	37.2472898
11.85654	17.88279	29.73933	38.02828438
12.69889	17.70078	30.39967	38.97492471
13.54032	18.04241	31.58273	40.01720818
14.45291	17.87775	32.33067	41.00760953
15.32298	17.51214	32.83512	41.98740019
16.20536	20.20259	36.40795	42.9749431
17.14433	20.49114	37.63548	43.90267747
17.9971	20.54764	38.54474	44.7881193
18.81896	19.78677	38.60573	45.68843387
19.61521	19.85446	39.46967	46.53918518
20.56198	19.94397	40.50594	47.71083243
21.21827	19.92275	41.14103	48.27625941
21.97023	19.81666	41.78689	48.90851637
22.74989	19.72334	42.47322	49.64218798
23.44917	19.40919	42.85836	50.37984842
24.12856	19.17628	43.30484	51.11639554
24.79024	18.95996	43.7502	51.75902756
25.48268	19.41284	44.89552	52.42794898
26.11834	21.52343	47.64177	53.10255653
26.74027	21.62544	48.36571	53.72642944
27.39729	21.82667	49.22395	54.33673417
28.13486	21.81707	49.95193	55.21838183
28.60822	21.76943	50.37766	55.62986659
29.20205	21.8662	51.06825	56.01249038
29.82496	21.60657	51.43153	56.5686078
30.38932	21.11292	51.50224	57.10952123
30.93712	20.99791	51.93502	57.60231939
31.51166	20.96344	52.4751	58.1154032
32.04562	20.92445	52.97007	58.5978263
32.58189	20.93515	53.51703	59.08632827
33.12146	20.68698	53.80843	59.5261105
33.69894	20.63682	54.33576	59.9692122
34.33961	20.34307	54.68268	60.59692709
34.74024	20.86324	55.60348	60.90490032
35.22953	21.03199	56.26152	61.2319571
35.72772	20.911	56.63872	61.64749216
36.16479	20.77756	56.94235	62.03607529
36.57901	21.08136	57.66037	62.39688004
37.00466	21.07216	58.07682	62.78962958
37.39081	21.22309	58.61389	63.15550233
37.76708	21.02842	58.79551	63.48595372
38.13995	20.96108	59.10104	63.83478515
38.53643	20.86033	59.39677	64.18037906
39.00975	20.82311	59.83286	64.67112817
39.2696	20.77774	60.04734	64.89811585
39.65293	20.50959	60.16252	65.12797221
39.99916	20.67484	60.674	65.12997345
40.32909	20.51297	60.84206	65.12880549
40.64402	20.8353	61.47932	65.12755556
40.96898	20.65294	61.62192	65.12634662
41.26767	20.91312	62.18079	65.12496009
41.56114	20.84559	62.40673	65.12358039
41.86913	20.69817	62.5673	65.12222802
42.14465	20.6973	62.84195	65.12121715
42.4407	20.58428	63.02498	65.11981696
42.64882	20.71557	63.36439	65.11859436
42.88754	20.72316	63.61069	65.11739907
43.08318	20.67239	63.75557	65.11717368
43.24953	20.68185	63.93138	65.1164087
43.39726	20.58535	63.98261	65.11565054
43.51272	20.59845	64.11117	65.11442111
43.61016	20.55663	64.16679	65.11323266
43.6901	20.52567	64.21577	65.11207836
43.75576	20.11609	63.87186	65.11170269
43.79808	20.05037	63.84845	65.11124507
43.81877	19.96432	63.7831	65.11077379
43.81773	19.93654	63.75427	65.11007711
43.80272	19.95299	63.75571	65.10951703
43.78653	19.96032	63.74686	65.10901843
43.77132	19.99238	63.7637	65.10858813
43.75205	20.02529	63.77734	65.10855398
43.72106	20.06143	63.78249	65.10863594
43.68879	20.08415	63.77295	65.10902526
			
			
0.01978234	0.01978234	0.03956468	1.98238432
0.05595291	0.1065312	0.1624841	3.633995807
0.09691329	0.1046783	0.2015916	5.328515396
0.1519511	0.1046783	0.2566294	7.77728297
0.1978235	0.1101434	0.3079669	9.045265776
0.2654082	0.1426525	0.4080607	10.64057516
0.3380413	0.1938267	0.5318679	12.30872851
0.427501	0.2289973	0.6564983	14.08037887
0.5450047	0.04845664	0.5934613	15.87870282
0.6789736	0.2776587	0.9566323	17.47865075
0.8362648	0.3695653	1.20583	19.00588791
1.017795	0.4849715	1.502767	20.58813541
1.244269	0.9245038	2.168773	22.11615291
1.492397	0.8939433	2.38634	23.70944824
1.826278	0.7795909	2.605869	25.73935488
2.138448	5.871159	8.009607	26.80342495
2.510688	12.69614	15.20683	28.10398007
2.919602	16.19986	19.11946	29.49564309
3.366448	20.92171	24.28816	30.8820759
3.883629	24.41467	28.2983	32.09464965
4.401352	24.21191	28.61326	33.38160757
4.940425	23.62796	28.56838	34.64618297
5.534385	23.30094	28.83532	35.84153439
6.103099	23.32692	29.43002	37.00711303
6.694744	22.85154	29.54628	38.18237004
7.449955	22.43625	29.8862	39.75063272
8.000891	22.1344	30.13529	40.53327679
8.648518	21.9746	30.62311	41.43976585
9.287556	21.51126	30.79881	42.4155267
9.907921	21.31758	31.2255	43.3769578
10.55781	21.25037	31.80818	44.33755904
11.16066	21.01826	32.17892	45.27241387
11.75949	24.68418	36.44368	46.16212799
12.39519	27.72643	40.12162	47.02480822
12.98647	31.67129	44.65775	47.88364305
13.57779	32.24399	45.82178	48.72256105
14.30422	32.09081	46.39502	49.84134605
14.81359	31.78987	46.60345	50.38137497
15.39205	31.31513	46.70718	51.00995046
15.95064	31.40348	47.35412	51.72757796
16.53242	31.155	47.68742	52.42269315
17.0677	30.58254	47.65024	53.11750782
17.60675	30.09873	47.70547	53.75259248
18.19277	29.61193	47.8047	54.40498484
18.73615	29.31	48.04615	55.04928684
19.27071	28.86475	48.13546	55.65391227
19.80637	28.67823	48.4846	56.27402174
20.47559	28.18726	48.66285	57.05172417
20.96738	27.86302	48.8304	57.46019681
21.56165	27.60921	49.17086	57.88737051
22.18517	30.23771	52.42287	58.42428485
22.76857	33.66452	56.4331	58.94547611
23.36149	33.32558	56.68707	59.44285049
23.96231	32.92937	56.89168	59.91443408
24.60507	32.61692	57.22198	60.41768926
25.19403	32.0477	57.24173	60.8617062
25.7642	31.51122	57.27542	61.29285507
26.35369	31.23387	57.58756	61.74032126
27.01078	30.78053	57.79131	62.3601746
27.43807	30.18985	57.62792	62.66135863
27.97659	29.9308	57.90739	62.9768519
28.53081	29.38824	57.91905	63.37686194
29.0319	28.77898	57.81088	63.76595733
29.532	28.5038	58.0358	64.14483476
30.02869	30.38595	60.41464	64.51191645
30.55435	31.96151	62.51586	64.86065909
31.02778	31.46886	62.49664	65.21572648
31.47359	31.24097	62.71456	65.54134892
31.91745	30.82167	62.73912	65.88751658
32.37288	30.36386	62.73674	66.20988102
32.88292	29.88857	62.77149	66.21881491
33.16566	29.66385	62.82951	66.22438151
33.52974	29.24871	62.77845	66.23078823
33.91628	29.04463	62.96091	66.237434
34.30264	28.64548	62.94812	66.24386804
34.72451	28.26645	62.99095	66.25144272
35.12232	27.85405	62.97637	66.25739865
35.51579	27.63824	63.15403	66.26414687
35.92417	30.05129	65.97546	66.27084729
36.28896	30.28213	66.57109	66.27734963
36.69512	29.91013	66.60526	66.28521801
36.99031	29.81744	66.80775	66.29069582
37.33403	29.69502	67.02905	66.29829782
37.62564	29.4674	67.09304	66.30444499
37.89814	29.30135	67.19949	66.3095608
38.15536	29.16714	67.32251	66.31575578
38.41467	28.88956	67.30422	66.32178001
38.63339	28.74242	67.37581	66.32690265
38.81579	28.55171	67.3675	66.33276295
38.96839	28.385	67.35339	66.33738699
39.08363	28.34084	67.42447	66.34130069
39.17552	28.21866	67.39418	66.34515975
39.24608	28.13325	67.37933	66.34799428
39.30178	28.06071	67.3625	66.35093126
39.33192	28.00619	67.3381	66.35331499
39.34544	27.97533	67.32077	66.35540503
39.35431	27.96416	67.31848	66.35741311
39.36245	27.96017	67.32262	66.35900454
39.37163	27.93553	67.30716	66.36037058
39.37851	27.92168	67.30019	66.36160001
39.39053	27.90739	67.29792	66.36303435
39.40998	27.87292	67.2829	66.36347832
39.43117	27.84858	67.27975	66.36426379
39.45189	27.82511	67.27699	66.36537028
39.47192	27.80948	67.2814	66.36646994
39.49319	27.78563	67.27882	66.36722126
39.51416	27.75866	67.27281	66.36812284
39.53939	27.74652	67.2859	66.3687239
39.56898	27.71333	67.2823	66.36905858
39.60318	27.67503	67.27821	66.36984405
